0.021848621494406473
0.021839513659910992
0.021820741499659846
0.021782830196851677
0.021733015830923463
0.02168351990369466
0.02164086219459982
0.021602633658607928
0.02156203103919907
0.02151438150855789
0.021460092359211203
0.021402847976066397
0.021245204337063228
0.020921527974882892
0.020554186220133275
0.0203357292420403
0.020353145557327146
0.02054168649814425
0.020789238166438295
0.021035736058456322
0.021302391319214742
0.021649795729980603
0.022118604839480582
0.02270358512870274
0.023370844596301232
0.024091796927315556
0.024862584290958445
0.025698524540140433
0.02661555938014981
0.027616968589856405
0.02869395845654843
0.029835374508372148
0.031036190706179134
0.032298603179269136
0.03362721431466209
0.03502389048419641
0.03648637649660191
0.03801055311589341
0.039593419782217865
0.041234244517807994
0.0429335765947787
0.044691587481181294
0.04650725890578311
0.04837878087329983
0.050304447809110364
0.052283175443599283
0.05431435158814768
0.05639736337689172
0.05853129145310909
0.0607149646731342
0.06294721005445325
0.06522702463956254
0.06755355004840435
0.06992593614061793
0.07234324757461597
0.07480448189558064
0.07730864932007364
0.0798548242492334
0.08244212921280347
0.08506968375103341
0.08773657423207126
0.0904418676053087
0.09318464662122317
0.09596402969953743
0.09877916064149339
0.10162918367257134
0.10451322900752924
0.10743041933389552
0.11037988705450985
0.11336078520306891
0.11637228441543535
0.11941356198095132
0.12248379397749698
0.12558215582255894
0.1287078281319447
0.13186000164365108
0.13503787806624068
0.13824066812592317
0.14146758944036186
0.1447178652974186
0.1479907239553242
0.1512853983678326
0.1546011270469032
0.1579371562522507
0.1612927420753163
0.1646671503558519
0.1680596539928878
0.17146952974829066
0.1748960574374312
0.17833852239656522
0.1817962191119964
0.1852684527905808
0.18875453752479654
0.1922537927724859
0.19576554127575463
0.19928911009778716
0.20282383363919276
0.20636905590285703
0.2099241301861383
0.21348841674567876
0.21706128060889007
0.22064209130323498
0.22423022444852858
0.22782506363832855
0.23142600104276667
0.23503243645326855
0.23864377579135176
0.24225943035293618
0.245878817240901
0.24950136041071236
0.25312649138353205
0.25675364913453436
0.26038227941153735
0.26401183412578
0.26764177125613653
0.2712715552101175
0.274900657248474
0.2785285556288297
0.2821547354248688
0.2857786882338855
0.2893999120111168
0.29301791110683695
0.2966321964086296
0.3002422854424722
0.3038477023622965
0.3074479778622745
0.3110426490906084
0.3146312596141829
0.3182133594279364
0.3217885049728384
0.32535625913515887
0.3289161912251508
0.33246787694844393
0.3360108983808967
0.33954484394793205
0.34306930840478866
0.34658389281668445
0.35008820454108935
0.35358185721301716
0.3570644707301831
0.36053567123328634
0.3639950910801648
0.3674423688177235
0.3708771491573364
0.3742990829560453
0.37770782720051166
0.3811030449882775
0.3844844055032848
0.387851583987314
0.391204261711831
0.39454212595345517
0.3978648699725653
0.40117219299175844
0.404463800171178
0.4077394025803853
0.4109987171689342
0.4142414667381358
0.4174673799147719
0.4206761911255068
0.42386764057007387
0.42704147419232275
0.4301974436497513
0.4333353062828822
0.4364548250853977
0.4395557686748299
0.44263791126288865
0.44570103262465466
0.44874491806659744
0.45176935839399324
0.4547741498783653
0.4577590942251115
0.4607239985409963
0.4636686753010597
0.46659294231473236
0.4694966226913255
0.47237954480521704
0.47524154226093795
0.4780824538581152
0.4809021235560511
0.4837004004377903
0.4864771386736537
0.48923219748439273
0.4919654411040888
0.4946767387428439
0.4973659645491999
0.5000329975721849
0.5026777217229483
0.505300025736025
0.5078998031303099
0.510476952169781
0.5130313758239797
0.5155629817281939
0.5180716821433231
0.5205573939154284
0.5230200384349928
0.5254595415959447
0.5278758337544396
0.5302688496874106
0.5326385285508533
0.5349848138378599
0.5373076533364003
0.5396069990868915
0.5418828073395465
0.5441350385115378
0.546363657143945
0.5485686318585055
0.5507499353141609
0.552907544163431
0.555041439008602
0.5571516043577622
0.5592380285806868
0.5613007038645605
0.5633396261695527
0.5653547951842617
0.5673462142810228
0.5693138904711024
0.5712578343597841
0.5731780601013483
0.5750745853539545
0.5769474312344327
0.5787966222729937
0.5806221863678696
0.5824241547398881
0.5842025618869995
0.5859574455387415
0.5876888466106713
0.5893968091587682
0.5910813803338053
0.5927426103357076
0.5943805523679009
0.5959952625916696
0.59758680008051
0.5991552267745064
0.6007006074347281
0.6022230095976617
0.6037225035296805
0.6051991621815587
0.606653061143053
0.6080842785975271
0.6094928952766709
0.610878994415275
0.6122426617061096
0.6135839852548903
0.614903055535339
0.6161999653443706
0.6174748097573763
0.6187276860836413
0.6199586938218973
0.6211679346160022
0.6223555122107731
0.623521532407973
0.624666103022447
0.6257893338384344
0.6268913365660529
0.6279722247979604
0.6290321139662032
0.6300711212992596
0.6310893657792827
0.6320869680995465
0.6330640506221119
0.6340207373357023
0.6349571538138106
0.6358734271730366
0.6367696860316565
0.6376460604684402
0.6385026819817163
0.6393396834486893
0.6401571990850146
0.6409553644046442
0.6417343161799369
0.6424941924020482
0.6432351322415943
0.6439572760096102
0.6446607651187906
0.6453457420450279
0.6460123502892507
0.6466607343395658
0.6472910396337044
0.6479034125217886
0.6484980002294067
0.649074950821011
0.6496344131636453
0.6501765368909886
0.6507014723677456
0.6512093706543558
0.6517003834720594
0.6521746631682817
0.6526323626823869
0.6530736355117615
0.6534986356782557
0.6539075176949742
0.6543004365334308
0.6546775475910485
0.6550390066590319
0.6553849698905969
0.6557155937695631
0.6560310350793204
0.6563314508721536
0.6566169984389507
0.6568878352792682
0.6571441190717815
0.6573860076451066
0.6576136589489936
0.6578272310259043
0.6580268819829644
0.658212769964293
0.6583850531237125
0.6585438895978433
0.6586894374795751
0.6588218547919187
0.6589412994622439
0.6590479292968956
0.6591419019561933
0.6592233749298142
0.6592925055125507
0.659349450780466
0.6593943675674092
0.6594274124419295
0.6594487416845594
0.6594585112654867
0.659456876822599
0.6594439936399077
0.6594200166263509
0.6593851002949762
0.6593393987424818
0.6592830656291682
0.6592162541592117
0.659139117061363
0.6590518065699698
0.6589544744064
0.6588472717608216
0.6587303492743448
0.6586038570215234
0.6584679444932373
0.6583227605799209
0.6581684535551435
0.6580051710595622
0.6578330600852222
0.6576522669602038
0.6574629373336283
0.6572652161610062
0.6570592476899293
0.6568451754461098
0.6566231422197664
0.6563932900523266
0.6561557602234895
0.6559106932386154
0.6556582288164279
0.6553985058770664
0.6551316625304615
0.6548578360650161
0.6545771629366222
0.6542897787579935
0.6539958182882994
0.6536954154231278
0.6533887031847403
0.6530758137126522
0.6527568782544861
0.6524320271571611
0.6521013898583394
0.6517650948782094
0.6514232698115183
0.6510760413199144
0.6507235351245768
0.6503658759991104
0.6500031877627332
0.6496355932737323
0.649263214423188
0.6488861721289769
0.6485045863300289
0.6481185759808596
0.647728259046346
0.6473337524967686
0.6469351723031078
0.6465326334325763
0.6461262498444214
0.6457161344859443
0.6453023992887736
0.6448851551653743
0.6444645120057917
0.6440405786746126
0.6436134630081742
0.6431832718119797
0.6427501108583407
0.6423140848842408
0.6418752975894009
0.641433851634579
0.6409898486400412
0.6405433891842858
0.6400945728029122
0.6396434979877466
0.6391902621861121
0.6387349618003277
0.6382776921873763
0.6378185476587621
0.637357621480561
0.6368950058736313
0.6364307920140266
0.6359650700335546
0.635497929020536
0.6350294570207016
0.6345597410382791
0.6340888670372262
0.6336169199426287
0.6331439836422561
0.6326701409882656
0.632195473799058
0.6317200628612856
0.6312439879319971
0.6307673277409318
0.630290159992942
0.6298125613705707
0.6293346075367374
0.6288563731375802
0.6283779318054012
0.6278993561617643
0.6274207178206908
0.6269420873919884
0.6264635344846958
0.6259851277106474
0.6255069346881292
0.6250290220456787
0.6245514554259604
0.624074299489763
0.6235976179200939
0.6231214734263819
0.6226459277487635
0.6221710416624671
0.6216968749823071
0.6212234865672492
0.6207509343250717
0.620279275217106
0.6198085652630745
0.6193388595459997
0.6188702122171943
0.6184026765013275
0.6179363047015638
0.617471148204789
0.6170072574868914
0.6165446821181053
0.616083470768455
0.6156236712132124
0.6151653303384723
0.6147084941467416
0.6142532077626175
0.6137995154385028
0.6133474605603908
0.6128970856536959
0.612448432389133
0.6120015415886506
0.61155645323141
0.6111132064598106
0.6106718395855548
0.61023239009576
0.6097948946591121
0.6093593891320488
0.6089259085649914
0.6084944872086009
0.6080651585200805
0.6076379551694906
0.6072129090461225
0.6067900512648752
0.6063694121726719
0.6059510213548958
0.6055349076418626
0.6051210991153066
0.6047096231148839
0.6043005062447087
0.6038937743798964
0.6034894526731325
0.6030875655612533
0.6026881367718371
0.6022911893298222
0.6018967455641242
0.6015048271142653
0.6011154549370197
0.6007286493130675
0.6003444298536369
0.5999628155071868
0.5995838245660625
0.5992074746731682
0.5988337828286419
0.5984627653965369
0.5980944381114828
0.5977288160853735
0.5973659138140324
0.5970057451838837
0.59664832347862
0.5962936613858592
0.5959417710037993
0.5955926638478672
0.5952463508573604
0.5949028424020764
0.594562148288933
0.5942242777685749
0.5938892395419835
0.5935570417670526
0.5932276920651649
0.5929011975277572
0.592577564722852
0.5922567997016017
0.5919389080047885
0.591623894669322
0.5913117642347192
0.5910025207495622
0.590696167777935
0.5903927084058385
0.5900921452475991
0.5897944804522339
0.5894997157098061
0.5892078522577648
0.5889188908872374
0.5886328319493295
0.5883496753613695
0.5880694206131505
0.5877920667731349
0.5875176124946364
0.5872460560219697
0.5869773951965822
0.5867116274631528
0.5864487498756539
0.5861887591033987
0.5859316514370505
0.5856774227946069
0.5854260687273403
0.5851775844257254
0.5849319647253282
0.584689204112653
0.5844492967309804
0.5842122363861453
0.5839780165522956
0.5837466303776289
0.5835180706900704
0.5832923300029336
0.5830694005205448
0.5828492741438289
0.582631942475853
0.5824173968273598
0.5822056282222334
0.5819966274029476
0.581790384835978
0.5815868907171673
0.581386134977059
0.5811881072862075
0.5809927970604196
0.5808001934659828
0.5806102854248572
0.5804230616198094
0.5802385104995285
0.5800566202836883
0.5798773789679803
0.5797007743291083
0.5795267939297339
0.5793554251233886
0.5791866550593543
0.5790204706874906
0.5788568587630287
0.5786958058513285
0.5785372983325896
0.5783813224065248
0.5782278640969949
0.5780769092566018
0.5779284435712402
0.5777824525646054
0.5776389216026736
0.5774978358981286
0.5773591805147458
0.577222940371751
0.5770891002481182
0.5769576447868481
0.5768285584991819
0.5767018257688008
0.5765774308559575
0.5764553579015868
0.576335590931361
0.5762181138597207
0.5761029104938444
0.5759899645375945
0.5758792595954141
0.5757707791761764
0.575664506697013
0.5755604254870743
0.5754585187912795
0.5753587697739899
0.5752611615226826
0.5751656770515421
0.5750722993050417
0.5749810111614675
0.5748917954364146
0.5748046348862275
0.5747195122114093
0.5746364100599965
0.5745553110308688
0.5744761976770612
0.5743990525089853
0.5743238579976531
0.5742505965778335
0.5741792506511825
0.5741098025893336
0.574042234736936
0.5739765294146721
0.5739126689222207
0.5738506355411808
0.5737904115379759
0.573731979166686
0.5736753206718781
0.5736204182913625
0.5735672542589416
0.5735158108070983
0.573466070169653
0.5734180145843872
0.5733716262956214
0.5733268875567656
0.5732837806328153
0.5732422878028292
0.5732023913623561
0.5731640736258328
0.5731273169289341
0.573092103630902
0.5730584161168224
0.5730262367998797
0.5729955481235631
0.5729663325638388
0.5729385726312959
0.5729122508732498
0.5728873498758027
0.5728638522658915
0.5728417407132653
0.5728209979324657
0.572801606684747
0.5727835497799738
0.5727668100784769
0.5727513704928793
0.5727372139898961
0.572724323592082
0.5727126823795601
0.572702273491716
0.5726930801288557
0.5726850855538306
0.5726782730936328
0.5726726261409532
0.5726681281557156
0.5726647626665713
0.5726625132723626
0.5726613636435669
0.5726612975236902
0.5726622987306449
0.572664351158088
0.5726674387767403
0.572671545635659
0.5726766558634955
0.5726827536697146
0.5726898233457893
0.5726978492663592
0.5727068158903723
0.572716707762182
0.5727275095126316
0.5727392058601
0.5727517816115215
0.5727652216633796
0.5727795110026763
0.572794634707865
0.5728105779497659
0.5728273259924492
0.5728448641940922
0.5728631780078164
0.5728822529824837
0.572902074763487
0.5729226290934974
0.572943901813197
0.5729658788619849
0.5729885462786521
0.5730118902020402
0.573035896871672
0.5730605526283545
0.5730858439147699
0.5731117572760249
0.5731382793601982
0.5731653969188439
0.573193096807489
0.5732213659860967
0.5732501915195156
0.5732795605779026
0.5733094604371232
0.5733398784791346
0.5733708021923425
0.5734022191719426
0.5734341171202342
0.5734664838469188
0.5734993072693788
0.573532575412929
0.5735662764110607
0.5736003985056541
0.5736349300471746
0.5736698594948573
0.5737051754168627
0.5737408664904224
0.5737769215019561
0.5738133293471845
0.5738500790312093
0.5738871596685886
0.5739245604833876
0.5739622708092114
0.5740002800892263
0.5740385778761619
0.5740771538322935
0.5741159977294137
0.5741550994487845
0.5741944489810757
0.5742340364262848
0.5742738519936488
0.5743138860015273
0.5743541288772889
0.5743945711571676
0.5744352034861135
0.5744760166176235
0.5745170014135672
0.5745581488439857
0.5745994499868923
0.5746408960280469
0.5746824782607254
0.5747241880854723
0.5747660170098419
0.5748079566481294
0.5748499987210858
0.5748921350556255
0.5749343575845156
0.5749766583460616
0.5750190294837765
0.5750614632460413
0.5751039519857502
0.5751464881599544
0.5751890643294839
0.5752316731585703
0.5752743074144488
0.5753169599669601
0.5753596237881355
0.575402291951777
0.5754449576330254
0.5754876141079208
0.5755302547529535
0.5755728730446092
0.5756154625588978
0.575658016970884
0.5757005300542044
0.5757429956805762
0.5757854078192999
0.5758277605367548
0.575870047995882
0.5759122644556731
0.575954404270635
0.5759964618902611
0.5760384318584899
0.5760803088131574
0.5761220874854454
0.5761637626993217
0.5762053293709757
0.576246782508246
0.5762881172100478
0.5763293286657873
0.576370412154775
0.5764113630456356
0.5764521767957111
0.5764928489504557
0.5765333751428336
0.5765737510927034
0.5766139726062072
0.5766540355751495
0.5766939359763716
0.5767336698711283
0.576773233404456
0.5768126228045345
0.5768518343820528
0.5768908645295685
0.5769297097208606
0.5769683665102843
0.5770068315321213
0.5770451014999249
0.5770831732058639
0.5771210435200702
0.577158709389975
0.5771961678396442
0.5772334159691193
0.5772704509537485
0.5773072700435176
0.577343870562383
0.5773802499076011
0.5774164055490507
0.5774523350285667
0.5774880359592585
0.5775235060248383
0.577558742978943
0.5775937446444575
0.5776285089128326
0.577663033743411
0.5776973171627446
0.5777313572639162
0.5777651522058589
0.5777987002126785
0.5778319995729664
0.5778650486391292
0.5778978458266995
0.5779303896136643
0.5779626785397793
0.5779947112058919
0.5780264862732674
0.5780580024629032
0.5780892585548596
0.5781202533875787
0.5781509858572118
0.578181454916944
0.5782116595763229
0.5782415989005854
0.5782712720099852
0.5783006780791302
0.5783298163363071
0.5783586860628205
0.5783872865923261
0.578415617310168
0.5784436776527171
0.5784714671067137
0.5784989852086095
0.5785262315439095
0.5785532057465224
0.5785799074981064
0.5786063365274217
0.5786324926096835
0.578658375565916
0.5786839852623142
0.5787093216096002
0.5787343845623854
0.5787591741185416
0.5787836903185637
0.5788079332449412
0.5788319030215341
0.578855599812945
0.5788790238239034
0.5789021752986452
0.5789250545202949
0.5789476618102594
0.5789699975276141
0.5789920620685001
0.5790138558655178
0.5790353793871326
0.5790566331370739
0.5790776176537458
0.5790983335096342
0.5791187813107239
0.5791389616959135
0.579158875336435
0.5791785229352815
0.5791979052266312
0.5792170229752811
0.5792358769760799
0.5792544680533682
0.5792727970604199
0.5792908648788879
0.5793086724182519
0.5793262206152754
0.5793435104334588
0.5793605428625046
0.5793773189177776
0.5793938396397769
0.5794101060936061
0.57942611936845
0.5794418805770594
0.579457390855227
0.5794726513612831
0.5794876632755832
0.5795024278000094
0.5795169461574652
0.5795312195913809
0.5795452493652276
0.5795590367620216
0.5795725830838485
0.579585889651379
0.5795989578033947
0.5796117888963197
0.5796243843037523
0.5796367454160016
0.5796488736396288
0.5796607703969974
0.579672437125816
0.5796838752786977
0.5796950863227188
0.5797060717389764
0.5797168330221618
0.5797273716801277
0.5797376892334629
0.5797477872150738
0.5797576671697673
0.5797673306538416
0.5797767792346713
0.5797860144903115
0.5797950380090953
0.5798038513892401
0.5798124562384546
0.5798208541735512
0.5798290468200715
0.5798370358118978
0.5798448227908883
0.5798524094064987
0.5798597973154269
0.5798669881812435
0.5798739836740383
0.5798807854700669
0.5798873952514034
0.5798938147055948
0.5799000455253189
0.5799060894080545
0.5799119480557424
0.5799176231744614
0.579923116474105
0.5799284296680591
0.5799335644728911
0.5799385226080354
0.5799433057954868
0.5799479157594973
0.5799523542262799
0.5799566229237083
0.5799607235810296
0.5799646579285804
0.5799684276974979
0.5799720346194421
0.5799754804263273
0.5799787668500427
0.5799818956221925
0.5799848684738267
0.5799876871351879
0.5799903533354502
0.5799928688024734
0.5799952352625519
0.5799974544401749
0.5799995280577797
0.5800014578355253
0.580003245491052
0.5800048927392574
0.5800064012920689
0.5800077728582256
0.5800090091430592
0.5800101118482823
0.5800110826717768
0.5800119233073877
0.5800126354447217
0.5800132207689472
0.5800136809606009
0.5800140176953921
0.5800142326440172
0.5800143274719751
0.580014303839385
0.5800141634008069
0.5800139078050721
0.5800135386951064
0.5800130577077676
0.5800124664736748
0.5800117666170541
0.5800109597555823
0.580010047500223
0.5800090314550834
0.5800079132172664
0.5800066943767215
0.5800053765161097
0.58000396121066
0.5800024500280356
0.5800008445282048
0.5799991462633125
0.5799973567775494
0.5799954776070306
0.5799935102796843
0.5799914563151214
0.5799893172245367
0.579987094510586
0.5799847896672832
0.5799824041798969
0.5799799395248462
0.5799773971696061
0.5799747785726028
0.5799720851831234
0.5799693184412318
0.5799664797776716
0.579963570613784
0.5799605923614299
0.5799575464229028
0.5799544341908538
0.5799512570482159
0.5799480163681361
0.5799447135139078
0.5799413498388857
0.5799379266864468
0.5799344453899087
0.5799309072724812
0.579927313647203
0.5799236658168878
0.5799199650740752
0.5799162127009767
0.5799124099694302
0.5799085581408514
0.5799046584661971
0.5799007121859132
0.5798967205299066
