0.01899918151015445
0.019002777026286388
0.0189939132437269
0.01896211047936891
0.018916862933404666
0.018873362106087477
0.01883932053556503
0.01881136382241433
0.01878094261169938
0.01874241739355842
0.018696508052562955
0.01864786679411079
0.018600381296269397
0.018166565827846703
0.017085010483769203
0.015767694968748636
0.014840493969123791
0.014594432995561846
0.014854480011370796
0.01527122630392519
0.01563044054156215
0.015972576987673293
0.016482634165094545
0.017303740726416272
0.018439595541813958
0.01979257041261473
0.021266794158206537
0.022838092749090322
0.02454810221679793
0.026450546734827718
0.028565201439142207
0.030871870920837985
0.0333363134190634
0.035938506968903994
0.03868128629781431
0.04157913953896397
0.04464192059313277
0.047867291187704275
0.05124469451593683
0.0547641360388349
0.05842167089515016
0.06221862063919392
0.06615718506333756
0.07023689300777214
0.07445421944056729
0.07880457341559577
0.08328439114337005
0.08789177152621264
0.09262569857165648
0.09748490887949757
0.10244514201546728
0.10747119411761119
0.11249736286830103
0.1175261432907373
0.12256860918178702
0.1276272525262554
0.1326818153356335
0.1377322631505571
0.14279398037934055
0.14785749927521508
0.1529226788135123
0.15798051240299227
0.1630325426994652
0.1680821780355748
0.17313459936209163
0.17819054175674243
0.18323140548375694
0.18827726029532688
0.19333082580875338
0.19838612192651794
0.2034347782906858
0.20848817735800562
0.21353189975528242
0.2185754297892073
0.2236214124826752
0.22866441141430993
0.23371440012955969
0.23875818464924237
0.2438053083604883
0.24885024795533806
0.25388726139616047
0.25893319218984434
0.2639748523443295
0.26901959491017813
0.2740689433941732
0.2791064957352676
0.28414667881013234
0.2891907615615503
0.29423490336294744
0.2992822713138832
0.30432445158706223
0.30936688511342236
0.31441043235447275
0.319451495718166
0.324498956808136
0.32954295241315634
0.3345918975898927
0.33964166115471883
0.3446942434432376
0.34974556140180013
0.3547969222085925
0.35985266014754913
0.36491108210403844
0.36996766938488257
0.3750284395939403
0.38009176898941543
0.3851549541878425
0.39022142980880137
0.39529296244601664
0.4003584181598834
0.4054285131971982
0.41050435162715804
0.4155777289599296
0.4206537072204144
0.42572947911067693
0.430812260547075
0.4358966921592451
0.4409817918395671
0.4460740334236766
0.4511641793400294
0.4562616638800421
0.46136073909488573
0.4664626874049569
0.47156795695125187
0.4766727534172581
0.48178369881461247
0.48689642947555534
0.49201074554895463
0.4971279907977424
0.5022499959490068
0.5073769375212498
0.5125063088435162
0.517641116295918
0.5227783151861374
0.5279174543147889
0.5330602028376967
0.5382056476369943
0.5433563039137939
0.5485123067329143
0.5536757957767477
0.5588435683999577
0.5640108258658545
0.5691825136591273
0.5743610674409103
0.5795406354174162
0.5847248327109309
0.5899144399344394
0.5951098365907983
0.6003095019952118
0.6055116336351505
0.6107234162013571
0.615937462316813
0.6211566617063795
0.6263807985367533
0.6316087734104503
0.636844323975545
0.6420841951399732
0.6473292148602239
0.6525792124258016
0.6578357729234847
0.6630987740318437
0.6683662402498864
0.6736408915532941
0.6789265494598151
0.6842268537270986
0.6895443109761743
0.694880398764341
0.7002358869399705
0.7056111166469847
0.7110061878731218
0.7164210712570984
0.7218556701678001
0.727309853655778
0.7327834734707954
0.7382763727073343
0.7437883901324831
0.7493193623074701
0.7548691246100505
0.7604375117448772
0.766024358035625
0.7716294976178331
0.7772527645620784
0.7828939929339924
0.7885530168097494
0.7942296702783755
0.7999237874562741
0.8056352025188458
0.8113637497361204
0.8171092634967856
0.822871578316227
0.828650528837235
0.8344459498357581
0.8402562762463326
0.8460775803793616
0.8519052940050553
0.8577357131314853
0.8635660714515323
0.8693943014349035
0.8752187883481621
0.8810381912936434
0.8868513297828562
0.8926571170484685
0.8984545226126954
0.9042425518985171
0.9100202353371438
0.9157866226181914
0.921540779676028
0.927281787117817
0.9330087394084794
0.9387207444534145
0.944416923391004
0.9500964104962613
0.9557583531435734
0.9614019118008352
0.9670262600400736
0.9726305845564003
0.9782140851907064
0.9837759749534971
0.9893154800483472
0.9948318398941263
1.0003243071455072
1.0057921477114649
1.011234640771586
1.0166510787900593
1.0220407675272796
1.0274030260490408
1.0327371867333204
1.0380425952746988
1.043318610686434
1.0485646053002133
1.0537799647636188
1.0589640880353173
1.0641163873780002
1.0692362883491073
1.0743232297893348
1.0793766638089455
1.0843960557718786
1.0893808842776531
1.0943306411410694
1.0992448313696865
1.104122973139094
1.108964597765949
1.1137692496787786
1.118536486386553
1.1232658784449967
1.127957009420662
1.1326094758527363
1.1372228872126104
1.1417968658611812
1.1463310470039136
1.1508250786436536
1.1552786215311963
1.1596913491136176
1.1640629474803905
1.1683931153072598
1.1726815637979309
1.1769280166235365
1.181132209859924
1.1852938919227567
1.1894128235004437
1.1934887774849088
1.1975215389002134
1.2015109048290338
1.2054566843370162
1.2093586983950129
1.2132167797992093
1.2170307730891619
1.2208005344637485
1.2245259316950499
1.2282068440401783
1.2318431621510477
1.2354347879821264
1.2389816346961604
1.2424836265678962
1.2459406988858177
1.2493527978518983
1.2527198804794137
1.256041914488799
1.2593188782015936
1.262550760432478
1.2657375603794332
1.26887928751204
1.271975961457934
1.275027611887447
1.278034278396464
1.2809960103875078
1.2839128669490876
1.2867849167333425
1.2896122378319976
1.2923949176506744
1.2951330527815879
1.297826748874649
1.3004761205070325
1.3030812910512184
1.305642392541567
1.3081595655394596
1.3106329589970294
1.3130627301195572
1.3154490442265416
1.3177920746115106
1.3200920024006058
1.3223490164100022
1.3245633130021925
1.3267350959412045
1.3288645762467848
1.3309519720476208
1.3329975084336398
1.335001417307434
1.3369639372348958
1.3388853132950889
1.3407657969294222
1.342605645790207
1.344405123588614
1.3461644999421418
1.3478840502216132
1.3495640553977912
1.3512048018876657
1.3528065814004728
1.3543696907835274
1.3558944318679025
1.357381111314056
1.3588300404574456
1.36024153515421
1.3616159156269774
1.3629535063108662
1.3642546356997531
1.3655196361928637
1.3667488439417603
1.3679425986977884
1.3691012436600465
1.370225125323957
1.3713145933304771
1.3723700003160495
1.373391701763321
1.3743800558527237
1.375335423314958
1.376258167284452
1.3771486531538546
1.3780072484296229
1.3788343225887614
1.379630246936773
1.3803953944668788
1.3811301397205558
1.3818348586494613
1.3825099284787754
1.383155727572042
1.3837726352975226
1.384361031896149
1.3849212983510863
1.3854538162589884
1.3859589677029547
1.3864371351272515
1.3868887012138371
1.3873140487607172
1.3877135605621884
1.3880876192909763
1.3884366073823307
1.3887609069200915
1.3890608995247593
1.389336966243599
1.3895894874428087
1.38981884270176
1.390025410709355
1.3902095691625043
1.3903716946667464
1.3905121626390358
1.3906313472126968
1.3907296211445752
1.390807355724383
1.3908649206862513
1.3909026841225067
1.3909210123996623
1.3909202700766352
1.3909008198251973
1.3908630223526446
1.3908072363267072
1.39073381830267
1.3906431226527234
1.3905355014975216
1.3904113046399553
1.390270879501112
1.3901145710584322
1.3899427217860376
1.3897556715972224
1.3895537577890904
1.3893373149893309
1.3891066751051069
1.388862167274028
1.3886041178172333
1.3883328501944918
1.3880486849613787
1.387751939728438
1.3874429291223427
1.3871219647490394
1.3867893551588049
1.386445405813249
1.3860904190541907
1.3857246940743968
1.3853485268901684
1.3849622103157158
1.38456603393933
1.3841602841012959
1.3837452438735083
1.383321193040806
1.3828884080839368
1.382447162164163
1.3819977251094615
1.381540363402272
1.3810753401688105
1.380602915169832
1.3801233447929127
1.3796368820461327
1.3791437765531684
1.3786442745497665
1.3781386188815459
1.3776270490030997
1.3771098009783858
1.3765871074823464
1.3760591978037349
1.3755262978491283
1.3749886301480787
1.3744464138593768
1.373899864778397
1.3733491953454946
1.3727946146554197
1.372236328467726
1.3716745392181222
1.3711094460307676
1.3705412447314549
1.369970127861671
1.3693962846934769
1.3688199012452236
1.3682411602980364
1.3676602414130423
1.3670773209493463
1.3664925720826924
1.3659061648247919
1.3653182660433094
1.364729039482465
1.3641386457842204
1.3635472425100508
1.3629549841632373
1.3623620222117099
1.3617685051113488
1.3611745783298028
1.360580384370711
1.359986062798387
1.3593917502628967
1.3587975805255086
1.3582036844845282
1.357610190201462
1.3570172229274897
1.3564249051302832
1.355833356521054
1.3552426940819045
1.3546530320934034
1.3540644821624133
1.353477153250096
1.3528911517001374
1.3523065812671442
1.3517235431451953
1.351142135996544
1.3505624559804454
1.3499845967821154
1.3494086496417568
1.3488347033837131
1.348262844445661
1.3476931569078934
1.3471257225226134
1.3465606207432979
1.345997928754067
1.3454377214990538
1.3448800717117981
1.3443250499446142
1.3437727245979305
1.3432231619496084
1.3426764261842115
1.342132579422226
1.3415916817492208
1.341053791244927
1.3405189640122464
1.3399872542061777
1.3394587140626344
1.338933393927161
1.3384113422835506
1.3378926057823266
1.337377229269113
1.3368652558128646
1.3363567267339596
1.3358516816321524
1.3353501584143723
1.3348521933223632
1.3343578209601707
1.3338670743214456
1.3333799848166015
1.33289658229977
1.3324168950955864
1.3319409500257953
1.3314687724356533
1.3310003862201532
1.3305358138500383
1.3300750763976206
1.3296181935624043
1.3291651836964808
1.3287160638297406
1.3282708496948468
1.3278295557520066
1.3273921952135312
1.326958780068158
1.3265293211051565
1.3261038279382236
1.3256823090291325
1.3252647717111605
1.3248512222122946
1.3244416656781963
1.324036106194936
1.323634546811495
1.3232369895620346
1.3228434354879228
1.3224538846595317
1.3220683361977903
1.321686788295506
1.3213092382384408
1.3209356824261471
1.3205661163925848
1.3202005348264558
1.319838931591348
1.3194812997456014
1.319127631561952
1.3187779185469308
1.3184321514600255
1.3180903203325984
1.3177524144865709
1.3174184225528611
1.3170883324895852
1.3167621316000284
1.3164398065503713
1.3161213433871763
1.3158067275546488
1.3154959439116523
1.3151889767484866
1.3148858098034593
1.3145864262791802
1.314290808858659
1.3139989397211673
1.3137108005578488
1.3134263725871298
1.3131456365698808
1.31286857282437
1.312595161240968
1.3123253812966498
1.3120592120692711
1.3117966322516095
1.3115376201652014
1.3112821537739547
1.3110302106975427
1.3107817682245804
1.3105368033256015
1.3102952926658
1.3100572126175765
1.3098225392728784
1.309591248455308
1.309363315732063
1.3091387164256298
1.3089174256253093
1.3086994181985174
1.3084846688019018
1.3082731518922506
1.3080648417372016
1.3078597124257785
1.3076577378787055
1.307458891858544
1.3072631479796568
1.307070479717944
1.306880860420434
1.306694263314669
1.3065106615179127
1.3063300280461752
1.3061523358230653
1.305977557688462
1.3058056664070028
1.3056366346764223
1.3054704351356916
1.3053070403730045
1.3051464229335936
1.3049885553273777
1.3048334100364452
1.3046809595223818
1.3045311762334242
1.3043840326114688
1.304239501098917
1.3040975541453639
1.3039581642141416
1.3038213037887045
1.3036869453788649
1.3035550615268834
1.3034256248134133
1.3032986078633035
1.3031739833512495
1.3030517240073172
1.3029318026223224
1.3028141920530603
1.3026988652274314
1.3025857951493984
1.3024749549038352
1.3023663176612414
1.3022598566823218
1.3021555453224467
1.3020533570359847
1.3019532653805141
1.3018552440209108
1.3017592667333249
1.3016653074090199
1.301573340058126
1.3014833388132514
1.3013952779329996
1.3013091318053638
1.3012248749510134
1.3011424820264912
1.3010619278272726
1.3009831872907514
1.3009062354990961
1.3008310476820393
1.3007575992195202
1.3006858656442803
1.3006158226443203
1.3005474460652975
1.300480711912793
1.3004155963545285
1.3003520757224551
1.300290126514775
1.3002297253978794
1.3001708492081834
1.3001134749538865
1.3000575798166567
1.3000031411532218
1.2999501364968848
1.29989854355897
1.2998483402301764
1.2997995045818653
1.2997520148672725
1.2997058495226552
1.2996609871683473
1.2996174066097668
1.2995750868383373
1.2995340070323609
1.2994941465578007
1.2994554849690259
1.2994180020094683
1.299381677612236
1.299346491900649
1.2993124251887371
1.2992794579816591
1.2992475709760667
1.2992167450604368
1.2991869613153062
1.299158201013502
1.2991304456202721
1.2991036767934014
1.2990778763832624
1.2990530264328077
1.2990291091775363
1.2990061070453978
1.2989840026566517
1.298962778823685
1.298942418550797
1.2989229050339182
1.2989042216603037
1.2988863520081848
1.2988692798463868
1.2988529891338816
1.298837464019349
1.2988226888406436
1.2988086481242886
1.298795326584881
1.2987827091244961
1.2987707808320499
1.2987595269826242
1.298748933036772
1.2987389846397752
1.2987296676208997
1.2987209679925966
1.2987128719496868
1.2987053658685257
1.2986984363061262
1.2986920699992703
1.2986862538635942
1.2986809749926396
1.2986762206568985
1.2986719783028233
1.29866823555182
1.298664980199228
1.2986622002132622
1.2986598837339587
1.298658019072085
1.2986565947080448
1.298655599290746
1.2986550216364892
1.2986548507277975
1.2986550757122606
1.2986556859013572
1.2986566707692608
1.2986580199516293
1.2986597232443993
1.2986617706025436
1.298664152138838
1.2986668581226057
1.2986698789784592
1.2986732052850272
1.2986768277736722
1.2986807373272056
1.2986849249785921
1.2986893819096377
1.2986940994496878
1.2986990690743054
1.2987042824039454
1.2987097312026314
1.2987154073766174
1.2987213029730507
1.2987274101786292
1.2987337213182517
1.2987402288536751
1.2987469253821553
1.2987538036350967
1.2987608564766902
1.2987680769025607
1.298775458038401
1.298782993138615
1.2987906755849545
1.2987984988851586
1.2988064566715902
1.2988145426998763
1.298822750847549
1.2988310751126857
1.2988395096125487
1.2988480485822347
1.298856686373317
1.2988654174524976
1.2988742364002537
1.298883137909498
1.2988921167842316
1.2989011679382108
1.2989102863936024
1.2989194672796627
1.2989287058314058
1.29893799738828
1.2989473373928524
1.298956721389497
1.2989661450230843
1.2989756040376799
1.2989850942752499
1.2989946116743667
1.2990041522689282
1.2990137121868743
1.299023287648919
1.2990328749672813
1.2990424705444266
1.2990520708718165
1.2990616725286603
1.2990712721806794
1.2990808665788727
1.299090452558299
1.2991000270368565
1.2991095870140752
1.2991191295699167
1.299128651863585
1.2991381511323379
1.2991476246903124
1.2991570699273582
1.299166484307876
1.2991758653696692
1.2991852107228015
1.2991945180484583
1.2992037850978297
1.2992130096909884
1.2992221897157865
1.2992313231267527
1.2992404079440112
1.2992494422521927
1.2992584241993725
1.2992673519959999
1.2992762239138553
1.2992850382850003
1.29929379350075
1.2993024880106443
1.2993111203214376
1.2993196889960892
1.2993281926527738
1.299336629963891
1.2993449996550916
1.2993533005043112
1.299361531340809
1.2993696910442294
1.2993777785436569
1.2993857928166888
1.2993937328885226
1.2994015978310411
1.29940938676192
1.2994170988437315
1.2994247332830717
1.2994322893296877
1.2994397662756203
1.2994471634543494
1.299454480239957
1.299461716046297
1.2994688703261712
1.2994759425705187
1.2994829323076171
1.299489839102284
1.2994966625550992
1.2995034023016316
1.2995100580116716
1.2995166293884797
1.299523116168042
1.299529518118332
1.2995358350385908
1.299542066758601
1.2995482131379887
1.2995542740655184
1.299560249458409
1.2995661392616515
1.299571943447341
1.29957766201401
1.2995832949859842
1.2995888424127315
1.2995943043682319
1.29959968095035
1.2996049722802212
1.2996101785016405
1.2996152997804638
1.299620336304022
1.2996252882805317
1.299630155938531
1.2996349395263067
1.2996396393113434
1.2996442555797723
1.299648788635836
1.299653238801354
1.2996576064151997
1.2996618918327885
1.299666095425569
1.2996702175805268
1.2996742586996906
1.2996782191996497
1.2996820995110854
1.2996859000782957
1.299689621358742
1.2996932638225944
1.2996968279522898
1.299700314242095
1.2997037231976734
1.2997070553356718
1.2997103111832988
1.2997134912779211
1.2997165961666637
1.2997196264060147
1.2997225825614427
1.2997254652070174
1.2997282749250356
1.29973101230566
1.2997336779465583
1.2997362724525505
1.2997387964352685
1.299741250512814
1.2997436353094303
1.2997459514551712
1.29974819958559
1.2997503803414174
1.2997524943682652
1.2997545423163182
1.299756524840042
1.2997584425978985
1.2997602962520567
1.2997620864681236
1.2997638139148693
1.2997654792639617
1.2997670831897095
1.299768626368806
1.299770109480085
1.299771533204276
1.2997728982237646
1.2997742052223646
1.299775454885089
1.299776647897927
1.2997777849476329
1.2997788667215113
1.2997798939072087
1.2997808671925144
1.299781787265168
1.2997826548126579
1.2997834705220477
1.2997842350797777
1.2997849491715021
1.299785613481907
1.2997862286945425
1.2997867954916629
1.2997873145540613
1.299787786560917
1.299788212189644
1.2997885921157408
1.299788927012651
1.2997892175516217
1.2997894644015675
1.299789668228943
1.299789829697609
1.2997899494687166
1.2997900282005803
1.2997900665485647
1.2997900651649728
1.2997900246989351
1.2997899457963031
1.2997898290995513
1.2997896752476725
1.299789484876091
1.2997892586165554
1.2997889970970702
1.2997887009417886
1.2997883707709486
1.2997880072007808
1.2997876108434356
1.299787182306912
1.299786722194983
1.29978623110713
1.2997857096384768
1.299785158379728
1.2997845779171096
1.299783968832311
1.2997833317024279
1.2997826670999197
1.2997819755925475
1.299781257743338
1.2997805141105347
1.2997797452475544
1.2997789517029466
1.2997781340203636
1.2997772927385158
1.2997764283911435
1.299775541506988
1.299774632609755
1.2997737022180997
1.2997727508455847
1.299771779000678
1.2997707871867155
1.2997697759018942
1.2997687456392386
1.2997676968866054
1.2997666301266557
1.299765545836851
1.2997644444894343
1.2997633265514343
1.2997621924846436
1.2997610427456303
1.2997598777857151
1.2997586980509839
1.2997575039822822
1.2997562960152154
1.2997550745801503
1.2997538401022188
1.2997525930013252
1.2997513336921473
1.2997500625841498
1.2997487800815817
1.2997474865835033
1.2997461824837826
1.299744868171115
1.2997435440290284
1.2997422104359098
1.2997408677650055
1.2997395163844532
1.2997381566572832
1.2997367889414582
1.299735413589862
1.299734030950348
1.2997326413657477
1.2997312451738905
1.2997298427076283
1.2997284342948658
1.2997270202585751
1.2997256009168252
1.2997241765828056
1.299722747564858
1.2997213141664927
1.2997198766864306
1.299718435418618
1.2997169906522652
1.29971554267187
1.2997140917572532
1.2997126381835793
1.2997111822214054
1.299709724136691
1.2997082641908486
1.2997068026407659
1.29970533973884
1.299703875733015
1.2997024108668116
1.2997009453793682
1.2996994795054624
1.2996980134755605
1.2996965475158424
1.2996950818482462
