0.04296722920162477
0.0429775590310868
0.04294819262874583
0.042849056738862856
0.04271094003620313
0.04258152562993267
0.042484217509832334
0.042407645117021886
0.04232479297872338
0.042218318010370126
0.042090917638043734
0.04195732615063896
0.04182953788889421
0.04170854286735981
0.041586919591777516
0.041457057893586224
0.041317062210815436
0.041170533783029484
0.04102223127746463
0.040874149659339665
0.04072487837480132
0.040103524103320964
0.03869433331002803
0.036923863836547
0.03546800704893194
0.0346556691025004
0.03432186844323226
0.03408169640768044
0.03368842969858932
0.03317781107489637
0.03275359961367563
0.032580344613590384
0.03266950359175613
0.032916726934896445
0.033215354814817744
0.03353655152608592
0.03392573700800039
0.03444404123630207
0.0351162207406297
0.03592234733842847
0.036825746500759315
0.03780468030717721
0.0388627579243872
0.040017035987276905
0.04127988009093819
0.04265018154664002
0.04411747312977177
0.045671679004335
0.0473093910262774
0.04903314169340778
0.05084652488016328
0.05275015906132818
0.05474119922188159
0.05681556799179077
0.058970344445652856
0.06120450011061784
0.06351800574091371
0.06591052137991493
0.06838077009679733
0.07092681496325248
0.07354672354164027
0.07623900261792116
0.07900256954034646
0.0818364439614907
0.08473948009425936
0.08771031699704679
0.09074750555631805
0.09384965968896442
0.09701551597135794
0.10024389106182063
0.10353360166035497
0.1068834158969505
0.11029206034053107
0.11375826043164228
0.11728077569121265
0.12085840586672525
0.12448997105697135
0.12817428667556907
0.1319101531637461
0.1356963653709613
0.13953173072180114
0.14341508031648242
0.14734526511666424
0.15132114244509154
0.1553415651989134
0.15940538234304036
0.16351144882635626
0.16765863546038506
0.17184583053980518
0.17607193295100654
0.1803358436509619
0.1846364627969086
0.18897269405789174
0.19334345146491394
0.19774766280461087
0.20218426740024942
0.2066522110892608
0.21115044297320917
0.21567791620079557
0.22023359133496978
0.22481643908300342
0.22942544038874768
0.2340595844555846
0.23871786678398976
0.24339928877592154
0.24810285880655325
0.2528275935202826
0.2575725182771036
0.26233666666998623
0.26711907980944005
0.27191880604669993
0.27673490123165134
0.2815664291207911
0.2864124615467407
0.29127207829698687
0.2961443669306538
0.301028422752454
0.3059233489518425
0.31082825675118375
0.31574226543165196
0.32066450225249277
0.3255941023831035
0.3305302089387352
0.33547197310093413
0.3404185542289113
0.3453691198899076
0.3503228458188783
0.355278915877582
0.3602365220725847
0.36519486463262574
0.3701531520969503
0.37511060136602037
0.38006643770511506
0.3850198947301804
0.3899702144129762
0.39491664711967367
0.39985845166806033
0.40479489537709057
0.4097252540934857
0.4146488122000429
0.41956486262237913
0.42447270684784666
0.42937165495805285
0.4342610256656956
0.43914014634477994
0.44400835304971853
0.44886499052714957
0.4537094122281813
0.4585409803264051
0.4633590657413249
0.4681630481623662
0.4729523160684064
0.47772626674122076
0.4824843062752624
0.48722584958781745
0.4919503204319895
0.4966571514116911
0.5013457839957152
0.5060156685282848
0.5106662642357733
0.5152970392314442
0.5199074705205007
0.5244970440062833
0.5290652544965821
0.5336116057082165
0.5381356102687906
0.5426367897160036
0.5471146744958588
0.5515688039608282
0.5559987263679433
0.5604039988759117
0.5647841875403037
0.5691388673065729
0.5734676220014716
0.5777700443235769
0.5820457358332591
0.5862943069417694
0.5905153768988951
0.5947085737788269
0.5988735344643654
0.603009904629844
0.6071173387230857
0.6111954999463531
0.6152440602360549
0.6192627002409417
0.6232511092987654
0.6272089854115421
0.631136035219634
0.6350319739747023
0.6388965255114609
0.6427294222180837
0.6465304050051985
0.6502992232735219
0.6540356348802261
0.6577394061041035
0.6614103116095293
0.6650481344091563
0.6686526658252951
0.6722237054499844
0.675761061103807
0.6792645487934843
0.6827339926682638
0.6861692249751039
0.6895700860126084
0.6929364240837375
0.6962680954472971
0.6995649642682444
0.7028269025668292
0.7060537901665729
0.7092455146410837
0.7124019712597143
0.7155230629320775
0.7186087001514387
0.7216588009369982
0.7246732907750904
0.7276521025592908
0.7305951765294507
0.7335024602096762
0.7363739083452616
0.7392094828386035
0.7420091526841066
0.7447728939020895
0.7475006894717175
0.7501925292629723
0.7528484099676698
0.7554683350295655
0.7580523145735425
0.76060036533391
0.7631125105818288
0.7655887800518881
0.7680292098678416
0.770433842467531
0.772802726527023
0.7751359168839649
0.7774334744601878
0.7796954661835809
0.7819219649092508
0.7841130493399913
0.786268803946097
0.7883893188845175
0.790474689917402
0.7925250183300383
0.7945404108482164
0.7965209795550443
0.7984668418072323
0.8003781201508726
0.8022549422367495
0.8040974407351795
0.8059057532504355
0.8076800222347567
0.8094203949019843
0.8111270231408465
0.8128000634279102
0.8144396767402355
0.8160460284677544
0.817619288325397
0.8191596302650028
0.8206672323870281
0.8221422768520927
0.8235849497923775
0.8249954412229163
0.8263739449527874
0.8277206584962578
0.8290357829838833
0.8303195230736096
0.8315720868618914
0.8327936857948597
0.8339845345795647
0.8351448510953192
0.8362748563051765
0.8373747741675599
0.838444831548073
0.839485258131532
0.8404962863342176
0.8414781512164025
0.842431090395162
0.8433553439575032
0.8442511543738291
0.8451187664117743
0.8459584270504337
0.8467703853949979
0.8475548925918446
0.848312201744081
0.8490425678275857
0.8497462476075599
0.8504234995556175
0.8510745837674296
0.8516997618809627
0.8522992969953043
0.8528734535901306
0.8534224974458118
0.8539466955641926
0.8544463160900495
0.8549216282332699
0.8553729021917542
0.855800409075056
0.8562044208288002
0.8565852101598752
0.8569430504624265
0.8572782157446674
0.857590980556524
0.8578816199181247
0.8581504092491548
0.8583976242990872
0.8586235410783063
0.8588284357901372
0.8590125847637857
0.8591762643882177
0.8593197510469661
0.8594433210539023
0.8595472505899595
0.8596318156408298
0.8596972919356434
0.8597439548866319
0.8597720795297956
0.8597819404665605
0.85977381180646
0.8597479671108177
0.8597046793374643
0.8596442207864756
0.8595668630469335
0.8594728769447295
0.8593625324913949
0.8592360988339847
0.8590938442059857
0.8589360358792808
0.8587629401171393
0.8585748221282623
0.8583719460218804
0.8581545747638541
0.857922970133866
0.8576773926836134
0.8574181016960454
0.8571453551456498
0.8568594096597435
0.856560520480806
0.8562489414298371
0.8559249248707141
0.8555887216755833
0.8552405811912385
0.8548807512065091
0.8545094779206499
0.8541270059126918
0.8537335781118136
0.8533294357686492
0.852914818427581
0.8524899638999868
0.8520551082384307
0.8516104857117996
0.8511563287813706
0.8506928680777976
0.8502203323790178
0.8497389485890521
0.849248941717696
0.8487505348611153
0.8482439491832876
0.8477294038983247
0.8472071162536272
0.8466773015139077
0.8461401729460123
0.8455959418045813
0.8450448173185068
0.8444870066781887
0.8439227150235746
0.8433521454329673
0.8427754989125953
0.8421929743869336
0.8416047686897512
0.8410110765558914
0.8404120906137669
0.8398080013785423
0.8391989972460108
0.8385852644871425
0.83796698724331
0.8373443475221398
0.8367175251940226
0.8360866979892458
0.8354520414957305
0.8348137291573794
0.834171932273013
0.8335268199958792
0.8328785593337367
0.8322273151494786
0.8315732501623083
0.8309165249494432
0.8302572979483331
0.82959572545938
0.8289319616491655
0.828266158554146
0.8275984660848303
0.8269290320304021
0.8262580020638106
0.8255855197472792
0.8249117265382528
0.8242367617957465
0.8235607627871184
0.8228838646952115
0.8222062006258861
0.8215279016159434
0.820849096641374
0.8201699126259845
0.8194904744503555
0.8188109049611301
0.8181313249806204
0.8174518533167303
0.8167726067731751
0.8160937001599882
0.815415246304318
0.8147373560614986
0.8140601383263659
0.8133837000448514
0.8127081462258046
0.8120335799530656
0.811360102397745
0.8106878128307473
0.8100168086354911
0.8093471853208323
0.8086790365341878
0.8080124540748459
0.8073475279074502
0.8066843461756585
0.8060229952159625
0.8053635595716804
0.8047061220070608
0.8040507635215812
0.8033975633643342
0.8027465990485672
0.8020979463663442
0.8014516794033097
0.8008078705535668
0.8001665905346682
0.7995279084026921
0.7988918915673997
0.7982586058075016
0.7976281152859821
0.7970004825655019
0.7963757686238688
0.7957540328695734
0.7951353331573712
0.7945197258039292
0.7939072656035036
0.7932980058436714
0.792691998321092
0.7920892933572992
0.7914899398145208
0.7908939851115244
0.7903014752394766
0.7897124547778143
0.7891269669101346
0.788545053440072
0.7879667548071962
0.7873921101028971
0.7868211570862593
0.7862539321999362
0.7856904705860055
0.7851308061018036
0.7845749713357426
0.7840229976231052
0.783474915061805
0.7829307525281299
0.7823905376924261
0.7818542970347773
0.781322055860616
0.7807938383163142
0.7802696674047107
0.7797495650006043
0.7792335518661835
0.7787216476664183
0.7782138709843816
0.7777102393365238
0.7772107691878753
0.7767154759671984
0.7762243740820756
0.7757374769339078
0.7752547969328782
0.7747763455128203
0.7743021331460183
0.7738321693579442
0.7733664627418948
0.7729050209735862
0.7724478508256327
0.7719949581819607
0.771546348052147
0.7711020245856597
0.7706619910860182
0.7702262500248649
0.7697948030559543
0.7693676510290421
0.7689447940036915
0.7685262312629861
0.7681119613271461
0.7677019819670514
0.7672962902176748
0.7668948823914077
0.7664977540912981
0.766104900224188
0.7657163150137505
0.7653319920134249
0.7649519241192566
0.7645761035826313
0.764204522022907
0.763837170439948
0.7634740392265487
0.7631151181807558
0.7627603965180922
0.7624098628836693
0.7620635053641847
0.7617213114998416
0.7613832682961315
0.7610493622355259
0.7607195792890638
0.7603939049278159
0.7600723241342573
0.7597548214135275
0.759441380804577
0.7591319858912113
0.758826619813024
0.7585252652762131
0.7582279045643121
0.7579345195487841
0.7576450916995237
0.7573596020952413
0.7570780314337489
0.7568003600421251
0.7565265678867723
0.7562566345833774
0.7559905394067483
0.755728261300546
0.7554697788869129
0.7552150704759883
0.7549641140753112
0.7547168873991223
0.7544733678775559
0.7542335326657179
0.7539973586526623
0.7537648224702602
0.7535359005019577
0.7533105688914192
0.7530888035510896
0.7528705801706215
0.7526558742252076
0.7524446609838096
0.7522369155172859
0.7520326127063912
0.7518317272497042
0.7516342336714237
0.7514401063290714
0.7512493194210945
0.7510618469943635
0.7508776629515515
0.75069674105844
0.7505190549510941
0.7503445781429603
0.7501732840318427
0.7500051459067949
0.749840136954897
0.7496782302679508
0.7495193988490572
0.7493636156191146
0.749210853423194
0.7490610850368489
0.7489142831722928
0.7487704204845178
0.7486294695772839
0.7484914030090257
0.7483561932986822
0.7482238129314025
0.748094234364177
0.7479674300313688
0.7478433723501565
0.7477220337258883
0.7476033865573326
0.7474874032418475
0.7473740561804698
0.7472633177828891
0.7471551604723592
0.7470495566905102
0.7469464789020686
0.7468458995995073
0.7467477913075884
0.7466521265878354
0.7465588780429213
0.7464680183209618
0.7463795201197376
0.7462933561908267
0.7462094993436521
0.7461279224494648
0.7460485984452196
0.7459715003373999
0.7458966012057369
0.7458238742068746
0.7457532925779384
0.7456848296400347
0.7456184588016734
0.7455541535621206
0.7454918875146523
0.7454316343497789
0.7453733678583445
0.7453170619345917
0.7452626905791364
0.7452102279018744
0.7451596481248197
0.7451109255848758
0.7450640347365178
0.7450189501544395
0.7449756465361093
0.7449340987042499
0.74489428160929
0.744856170331702
0.7448197400843144
0.7447849662145396
0.7447518242065341
0.7447202896833156
0.7446903384088062
0.7446619462897983
0.744635089377895
0.744609743871357
0.7445858861169095
0.7445634926114879
0.7445425400039118
0.7445230050965206
0.7445048648467418
0.7444880963686016
0.7444726769341914
0.7444585839750646
0.7444457950835934
0.7444342880142569
0.7444240406848968
0.7444150311779039
0.7444072377413606
0.7444006387901316
0.744395212906908
0.7443909388431971
0.7443877955202636
0.744385762030034
0.7443848176359298
0.7443849417736894
0.744386114052106
0.7443883142537482
0.7443915223356283
0.7443957184298178
0.7444008828440305
0.7444069960621595
0.7444140387447691
0.7444219917295536
0.7444308360317411
0.744440552844476
0.744451123539144
0.7444625296656708
0.744474752952776
0.7444877753081922
0.7445015788188467
0.744516145751005
0.744531458550381
0.744547499842211
0.7445642524312923
0.7445816993019907
0.7445998236182083
0.7446186087233286
0.7446380381401152
0.7446580955705961
0.7446787648958999
0.7447000301760749
0.7447218756498701
0.7447442857344884
0.7447672450253142
0.7447907382956087
0.7448147504961815
0.7448392667550294
0.7448642723769527
0.7448897528431475
0.7449156938107642
0.7449420811124483
0.7449689007558575
0.7449961389231454
0.7450237819704331
0.7450518164272477
0.74508022899595
0.7451090065511261
0.7451381361389675
0.74516760497663
0.7451974004515636
0.7452275101208325
0.7452579217104107
0.7452886231144573
0.7453196023945745
0.7453508477790498
0.7453823476620745
0.7454140906029547
0.745446065325293
0.7454782607161627
0.7455106658252664
0.7455432698640712
0.7455760622049388
0.7456090323802336
0.7456421700814166
0.7456754651581345
0.7457089076172814
0.7457424876220609
0.7457761954910254
0.7458100216971104
0.7458439568666533
0.7458779917783991
0.7459121173625016
0.7459463246995055
0.7459806050193283
0.7460149497002186
0.7460493502677217
0.746083798393621
0.7461182858948785
0.7461528047325672
0.7461873470107889
0.7462219049755943
0.7462564710138846
0.7462910376523162
0.7463255975561909
0.7463601435283431
0.7463946685080209
0.7464291655697641
0.7464636279222656
0.7464980489072444
0.7465324219982996
0.7465667407997687
0.7466009990455751
0.7466351905980755
0.7466693094469044
0.746703349707813
0.7467373056215036
0.7467711715524654
0.7468049419878051
0.7468386115360746
0.7468721749260991
0.7469056270057992
0.7469389627410159
0.7469721772143352
0.7470052656239048
0.7470382232822539
0.7470710456151162
0.7471037281602477
0.7471362665662458
0.7471686565913656
0.7472008941023445
0.747232975073219
0.7472648955841459
0.7472966518202249
0.7473282400703223
0.7473596567258927
0.7473908982798081
0.747421961325184
0.7474528425542086
0.7474835387569758
0.7475140468203199
0.747544363726651
0.7475744865527956
0.7476044124688368
0.7476341387369638
0.747663662710317
0.7476929818318387
0.7477220936331337
0.7477509957333242
0.7477796858379122
0.7478081617376526
0.7478364213074142
0.7478644625050661
0.7478922833703479
0.7479198820237603
0.7479472566654515
0.7479744055741087
0.7480013271058628
0.7480280196931854
0.7480544818438029
0.7480807121396058
0.7481067092355751
0.7481324718586979
0.7481579988069065
0.7481832889480096
0.7482083412186364
0.7482331546231871
0.7482577282327787
0.7482820611842156
0.7483061526789481
0.7483300019820494
0.7483536084211915
0.7483769713856345
0.7484000903252142
0.7484229647493423
0.7484455942260126
0.7484679783808135
0.7484901168959412
0.7485120095092332
0.7485336560131968
0.7485550562540473
0.7485762101307563
0.7485971175941062
0.7486177786457482
0.7486381933372748
0.7486583617692908
0.7486782840904969
0.7486979604967825
0.7487173912303184
0.7487365765786693
0.748755516873894
0.7487742124916776
0.7487926638504518
0.748810871410531
0.7488288356732573
0.7488465571801459
0.7488640365120478
0.7488812742883129
0.7488982711659649
0.7489150278388781
0.7489315450369727
0.7489478235254037
0.7489638641037724
0.7489796676053331
0.7489952348962161
0.7490105668746514
0.7490256644702127
0.7490405286430484
0.7490551603831426
0.7490695607095699
0.7490837306697617
0.7490976713387862
0.7491113838186205
0.749124869237451
0.7491381287489673
0.7491511635316659
0.7491639747881687
0.7491765637445393
0.749188931649619
0.7492010797743553
0.7492130094111555
0.7492247218732322
0.7492362184939667
0.7492475006262795
0.7492585696419996
0.7492694269312539
0.7492800739018568
0.7492905119787068
0.7493007426031948
0.7493107672326182
0.7493205873396
0.749330204411522
0.749339619949958
0.7493488354701174
0.7493578525003013
0.7493666725813544
0.7493752972661394
0.749383728119005
0.749391966715268
0.7494000146407034
0.749407873491041
0.7494155448714617
0.7494230303961178
0.7494303316876403
0.7494374503766705
0.7494443881013897
0.7494511465070541
0.7494577272455469
0.7494641319749249
0.7494703623589807
0.7494764200668111
0.7494823067723839
0.749488024154128
0.749493573894509
0.7494989576796316
0.7495041771988378
0.7495092341443081
0.7495141302106854
0.7495188670946842
0.7495234464947265
0.7495278701105672
0.7495321396429402
0.7495362567932
0.7495402232629731
0.749544040753821
0.7495477109669011
0.749551235602639
0.7495546163604043
0.749557854938196
0.7495609530323293
0.7495639123371305
0.7495667345446408
0.7495694213443214
0.7495719744227651
0.7495743954634149
0.7495766861462929
0.7495788481477241
0.7495808831400756
0.749582792791494
0.749584578765659
0.749586242721529
0.7495877863131
0.7495892111891713
0.7495905189931129
0.7495917113626342
0.7495927899295705
0.7495937563196629
0.749594612152344
0.7495953590405415
0.7495959985904666
0.7495965324014238
0.7495969620656222
0.7495972891679825
0.7495975152859611
0.7495976419893715
0.7495976708402123
0.7495976033925027
0.7495974411921109
0.7495971857766124
0.74959683867512
0.7495964014081382
0.7495958754874321
0.7495952624158653
0.749594563687281
0.74959378078636
0.7495929151885017
0.749591968359689
0.74959094175638
0.7495898368253835
0.749588655003758
0.7495873977186891
0.7495860663874021
0.7495846624170523
0.7495831872046272
0.7495816421368593
0.7495800285901391
0.7495783479304245
0.7495766015131595
0.7495747906832024
0.7495729167747465
0.7495709811112432
0.7495689850053493
0.7495669297588483
0.7495648166625974
0.7495626469964671
0.7495604220292842
0.7495581430187892
0.7495558112115743
0.7495534278430478
0.7495509941373912
0.7495485113075135
0.7495459805550242
0.7495434030701871
0.7495407800319045
0.7495381126076763
0.749535401953584
0.7495326492142569
0.7495298555228667
0.7495270220010957
0.7495241497591367
0.7495212398956612
0.749518293497835
0.7495153116412849
0.7495122953901108
0.7495092457968786
0.7495061639026153
0.7495030507368172
0.7494999073174506
0.7494967346509531
0.7494935337322586
0.7494903055447848
0.7494870510604654
0.7494837712397517
0.7494804670316357
0.7494771393736679
0.7494737891919749
0.749470417401283
0.7494670249049404
0.7494636125949503
0.7494601813519877
0.7494567320454335
0.7494532655334121
0.7494497826628068
0.7494462842693173
0.7494427711774714
0.749439244200679
0.7494357041412654
0.7494321517905105
0.7494285879286897
0.7494250133251201
0.7494214287382013
0.7494178349154668
0.7494142325936197
0.749410622498595
0.7494070053456001
0.7494033818391683
0.7493997526732068
0.7493961185310516
0.7493924800855298
0.7493888379990006
0.7493851929234205
0.7493815455003974
0.7493778963612536
0.7493742461270712
0.7493705954087728
0.7493669448071616
0.7493632949130022
0.749359646307064
0.7493559995602022
