0.0007884843705987521
0.0008345149373250038
0.0008990385923359767
0.000999605300438411
0.001119922293293385
0.0012321075586392283
0.001321315928524136
0.0013931724519142819
0.0014633758622508708
0.0015427346382033136
0.0016304055752200952
0.0017180325187817758
0.0021045958311312063
0.0031910781090731533
0.004624550792856397
0.00594190080059942
0.006918222926593387
0.007711261947338066
0.008595496623017063
0.009718663191556232
0.011026267005250112
0.01236330872406377
0.013622889614913092
0.014813655215184518
0.016018350676813675
0.017307877226828694
0.018690124558575327
0.020122472353913068
0.02155937847907552
0.022987978853251434
0.02442788343128033
0.025906060564270916
0.027433598147772464
0.02900165571476432
0.030593980134926646
0.03220137369832354
0.03382636573331688
0.03547743183199881
0.03716036889545826
0.0388743376262477
0.04061422570016848
0.04237560320219291
0.04415765294785956
0.04596241662732581
0.04779205341136894
0.049646835816383295
0.05152521565082058
0.053425285993442095
0.05534608205563529
0.05728775645676798
0.05925083081616922
0.06123538433891618
0.06324083129019709
0.06526628568397896
0.06731105375002677
0.06937483107758702
0.07145753724392367
0.07355902374522838
0.07567892071041715
0.07781670220718073
0.07997185652115313
0.08214399876682155
0.08433285440979077
0.08653816240590384
0.08875959485745
0.09099675051253886
0.0932492076200484
0.09551658084108894
0.09779853848914044
0.10009477685365198
0.10240498039851076
0.10472880000020002
0.10706586152598963
0.10941579319804084
0.11177824895458688
0.11415291120551974
0.11653947317813618
0.1189376160264155
0.12134699878074251
0.12376726837232788
0.12619808077929395
0.12863911561282837
0.131090072373774
0.13355065227409124
0.13602054157166776
0.1384994104584747
0.14098692761355824
0.14348277710852475
0.14598666314634556
0.1484982995387627
0.1510173941212365
0.15354364175982926
0.1560767310285467
0.1586163575315105
0.16116223198010093
0.163714076904931
0.1662716161472808
0.16883456677315856
0.17140263975151715
0.17397554760019407
0.17655301172341442
0.17913476351754376
0.1817205393397856
0.18431007440858593
0.18690310071723815
0.18949934992469597
0.19209855801839382
0.19470046771657223
0.19730482714131803
0.1999113865372273
0.20251989599879483
0.205130105765698
0.20774176830164404
0.2103546401482559
0.21296848216657516
0.2155830583458611
0.21819813442531633
0.22081347742001434
0.2234288561787965
0.22604404227807962
0.2286588104776044
0.23127293850266284
0.23388620649394287
0.23649839662423489
0.23910929311260798
0.24171868249774242
0.2443263538765983
0.2469320989306345
0.2495357117787682
0.25213698881546165
0.25473572865130834
0.25733173215508653
0.25992480251826944
0.26251474527362717
0.26510136826066333
0.26768448157579705
0.2702638975431091
0.27283943071021266
0.2754108978500618
0.27797811795129856
0.28054091219693955
0.2830991039431252
0.28565251870658237
0.2882009841583386
0.29074433011487777
0.2932823885215985
0.29581499343174755
0.2983419809882015
0.3008631894121985
0.3033784589965025
0.30588763209697944
0.3083905531188149
0.31088706849883607
0.31337702668859624
0.315860278141713
0.31833667530511534
0.320806072610905
0.3232683264658007
0.32572329523774446
0.32817083924177926
0.33061082072765924
0.3330431038700361
0.33546755476010315
0.33788404139681827
0.34029243367671835
0.3426926033827735
0.3450844241735638
0.3474677715737551
0.34984252296583396
0.3522085575822844
0.3545657564974096
0.356914002618546
0.3592531806771371
0.361583177220278
0.36390388060306034
0.36621518098150485
0.36851697030565145
0.37080914231246087
0.3730915925185476
0.3753642182130239
0.37762691845074237
0.37987959404600335
0.38212214756656593
0.3843544833277095
0.3865765073862475
0.3887881275345366
0.3909892532946557
0.3931797959128698
0.39535966835435765
0.3975287852980882
0.39968706313172575
0.4018344199465327
0.40397077553232386
0.4060960513725682
0.40821017063966547
0.410313058190356
0.4124046405611912
0.41448484596400714
0.4165536042814084
0.4186108470622978
0.42065650751750105
0.4226905205154541
0.4247128225779564
0.42672335187590704
0.4287220482250236
0.43070885308155926
0.4326837095380238
0.4346465623189264
0.4365973577765221
0.4385360438865371
0.4404625702438443
0.4423768880580843
0.4442789501492532
0.4461687109432395
0.44804612646733677
0.44991115434567686
0.451763753794606
0.4536038856179667
0.45543151220229117
0.4572465975119222
0.4590491070840361
0.4608390080235747
0.4626162689980786
0.46438086023239755
0.4661327535032811
0.46787192213385786
0.46959834098797515
0.4713119864644302
0.47301283649105486
0.4747008705186655
0.47637606951486244
0.4780384159576814
0.47968789382909716
0.4813244886083661
0.4829481872652197
0.48455897825289185
0.48615685150097754
0.48774179840812426
0.4893138118345517
0.49087288609440183
0.492419016947907
0.4939522015933857
0.49547243865905966
0.4969797281946846
0.4984740716629945
0.499955471930976
0.5014239332609414
0.502879461301422
0.5043220630778817
0.5057517469832291
0.5071685227681533
0.5085724015312669
0.5099633957090628
0.5113415190656854
0.5127067866825064
0.5140592149475269
0.5153988215445899
0.5167256254424011
0.5180396468833761
0.5193409073723041
0.5206294296648268
0.5219052377557469
0.5231683568671528
0.5244188134363741
0.525656635103763
0.5268818507003052
0.5280944902350679
0.5292945848824795
0.5304821669694508
0.5316572699623316
0.5328199284537236
0.5339701781491302
0.5351080558534624
0.5362335994573977
0.5373468479235992
0.5384478412728022
0.5395366205697503
0.5406132279090192
0.5416777064007068
0.5427301001559979
0.5437704542726216
0.544798814820183
0.545815228825397
0.546819744257208
0.5478124100118187
0.5487932758976122
0.5497623926199973
0.5507198117661583
0.5516655857897197
0.5525997679953507
0.5535224125232823
0.5544335743337596
0.5553333091914423
0.5562216736497323
0.5570987250350701
0.5579645214311642
0.558819121663185
0.5596625852819317
0.56049497254795
0.5613163444156353
0.5621267625173099
0.5629262891472822
0.5637149872458922
0.564492920383552
0.5652601527447851
0.5660167491122658
0.5667627748508668
0.5674982958917187
0.5682233787162865
0.5689380903404695
0.5696424982987258
0.5703366706282278
0.5710206758530543
0.5716945829684228
0.572358461424967
0.5730123811130614
0.573656412347205
0.5742906258504554
0.5749150927389337
0.5755298845063868
0.5761350730088273
0.5767307304492446
0.5773169293624001
0.5778937425996942
0.5784612433141296
0.5790195049453635
0.5795686012048478
0.5801086060610716
0.5806395937249089
0.581161638635054
0.5816748154435878
0.5821791990016338
0.5826748643451447
0.5831618866807915
0.5836403413719919
0.584110303925037
0.5845718499753652
0.5850250552739551
0.5854699956738472
0.5859067471168089
0.5863353856201243
0.5867559872635315
0.5871686281762942
0.5875733845244202
0.5879703324980214
0.58835954829883
0.5887411081278451
0.5891150881731493
0.5894815645978664
0.5898406135282741
0.5901923110420775
0.5905367331568296
0.5908739558185214
0.5912040548903219
0.5915271061414851
0.5918431852364163
0.5921523677238945
0.5924547290264703
0.592750344430022
0.5930392890734746
0.5933216379386872
0.593597465840503
0.5938668474169777
0.594129857119758
0.5943865692046408
0.5946370577222941
0.5948813965091455
0.5951196591784456
0.59535191911149
0.5955782494490185
0.5957987230827735
0.596013412647233
0.5962223905115085
0.5964257287714112
0.5966234992416872
0.5968157734484123
0.597002622621563
0.5971841176877444
0.597360329263088
0.5975313276463137
0.5976971828119533
0.5978579644037403
0.5980137417281597
0.5981645837481571
0.5983105590770146
0.5984517359723824
0.5985881823304666
0.5987199656803801
0.598847153178645
0.5989698116038564
0.5990880073514946
0.5992018064288924
0.5993112744503577
0.5994164766324408
0.5995174777893597
0.5996143423285609
0.5997071342464428
0.5997959171242115
0.599880754123884
0.5999617079844421
0.600038841018117
0.600112215106817
0.600181891698699
0.6002479318048666
0.6003103959962139
0.6003693444003977
0.6004248366989398
0.6004769321244652
0.6005256894580686
0.6005711670268061
0.6006134227013105
0.6006525138935386
0.6006884975546347
0.6007214301729142
0.6007513677719771
0.6007783659089254
0.6008024796727014
0.6008237636825475
0.6008422720865694
0.6008580585604175
0.6008711763060681
0.600881678050726
0.6008896160458201
0.6008950420661119
0.6008980074089036
0.6008985628933496
0.6008967588598635
0.6008926451696217
0.6008862712041738
0.600877685865135
0.6008669375739748
0.6008540742719068
0.6008391434198499
0.6008221919984917
0.6008032665084366
0.6007824129704291
0.6007596769256685
0.6007351034362118
0.6007087370854363
0.6006806219785981
0.6006508017434635
0.6006193195310052
0.6005862180161978
0.6005515393988459
0.6005153254045235
0.6004776172855584
0.6004384558220819
0.6003978813231674
0.6003559336280118
0.600312652107184
0.6002680756639469
0.6002222427356232
0.6001751912950395
0.6001269588520008
0.6000775824548539
0.6000270986920819
0.5999755436939518
0.5999229531342403
0.5998693622319715
0.5998148057532395
0.5997593180130556
0.5997029328772525
0.5996456837644351
0.5995876036479713
0.5995287250580281
0.59946908008365
0.5994087003748687
0.5993476171448817
0.599285861172226
0.5992234628030273
0.5991604519532574
0.5990968581110527
0.5990327103390412
0.5989680372767188
0.5989028671428498
0.5988372277379055
0.5987711464465209
0.5987046502399922
0.598637765678796
0.5985705189151309
0.5985029356954898
0.5984350413632624
0.5983668608613426
0.5982984187347844
0.5982297391334592
0.5981608458147454
0.5980917621462227
0.5980225111084136
0.5979531152975133
0.5978835969281482
0.5978139778361689
0.5977442794814225
0.597674522950574
0.5976047289599213
0.5975349178582325
0.5974651096295931
0.5973953238962659
0.5973255799215584
0.5972558966127126
0.5971862925237863
0.5971167858585575
0.5970473944734325
0.5969781358803603
0.5969090272497608
0.5968400854134428
0.5967713268675547
0.5967027677755068
0.5966344239709356
0.5965663109606316
0.5964984439275094
0.5964308377335525
0.5963635069227715
0.5962964657241647
0.5962297280546798
0.5961633075221657
0.5960972174283468
0.5960314707717638
0.5959660802507516
0.595901058266386
0.5958364169254411
0.5957721680433492
0.5957083231471367
0.5956448934783909
0.5955818899961853
0.5955193233800342
0.5954572040328143
0.5953955420837067
0.595334347391117
0.5952736295455887
0.5952133978727252
0.5951536614360924
0.5950944290401177
0.5950357092329872
0.5949775103095218
0.5949198403140654
0.5948627070433448
0.5948061180493385
0.5947500806421191
0.5946946018927077
0.5946396886358949
0.5945853474730756
0.5945315847750523
0.5944784066848507
0.5944258191205032
0.5943738277778321
0.5943224381332266
0.594271655446394
0.5942214847631204
0.5941719309179936
0.5941229985371388
0.5940746920409259
0.5940270156466712
0.5939799733713249
0.5939335690341503
0.5938878062593771
0.5938426884788521
0.593798218934686
0.5937544006818607
0.593711236590841
0.5936687293501803
0.5936268814690822
0.5935856952799812
0.593545172941087
0.5935053164389297
0.5934661275908697
0.5934276080476186
0.5933897592957207
0.593352582660045
0.593316079306228
0.5932802502431445
0.5932450963253215
0.5932106182553669
0.5931768165863565
0.5931436917242392
0.5931112439301858
0.5930794733229563
0.5930483798812398
0.59301796344596
0.592988223722597
0.592959160283475
0.5929307725700239
0.5929030598950442
0.5928760214449555
0.5928496562820014
0.5928239633464747
0.5927989414588959
0.5927745893221923
0.5927509055238618
0.5927278885380955
0.5927055367279275
0.592683848347316
0.5926628215432546
0.5926424543578319
0.5926227447302912
0.5926036904990761
0.5925852894038455
0.5925675390874856
0.592550437098093
0.5925339808909476
0.5925181678304705
0.5925029951921568
0.5924884601645006
0.5924745598508965
0.5924612912715199
0.5924486513652125
0.592436636991315
0.5924252449315164
0.5924144718916606
0.5924043145035602
0.5923947693267708
0.592385832850364
0.5923775014946697
0.5923697716130158
0.59236263949344
0.5923561013603953
0.592350153376425
0.5923447916438258
0.592340012206308
0.5923358110506145
0.5923321841081401
0.592329127256531
0.5923266363212614
0.5923247070772026
0.5923233352501667
0.5923225165184371
0.5923222465142866
0.5923225208254719
0.5923233349967152
0.5923246845311656
0.5923265648918541
0.5923289715031199
0.5923318997520264
0.5923353449897624
0.5923393025330235
0.5923437676653771
0.5923487356386135
0.5923542016740821
0.5923601609640086
0.5923666086727923
0.5923735399383014
0.5923809498731369
0.5923888335658871
0.59239718608237
0.5924060024668529
0.5924152777432621
0.5924250069163728
0.5924351849729881
0.592445806883096
0.5924568676010189
0.5924683620665432
0.5924802852060305
0.5924926319335224
0.5925053971518217
0.5925185757535649
0.5925321626222742
0.5925461526333997
0.5925605406553434
0.5925753215504699
0.5925904901761028
0.5926060413855057
0.5926219700288478
0.592638270954156
0.5926549390082538
0.5926719690376876
0.5926893558896298
0.5927070944127779
0.5927251794582373
0.592743605880389
0.5927623685377421
0.592781462293769
0.5928008820177384
0.592820622585525
0.5928406788804113
0.5928610457938648
0.592881718226324
0.5929026910879447
0.5929239592993536
0.5929455177923773
0.5929673615107642
0.5929894854108904
0.5930118844624532
0.593034553649157
0.5930574879693742
0.5930806824368089
0.5931041320811365
0.5931278319486353
0.5931517771028076
0.5931759626249855
0.593200383614926
0.5932250351913924
0.5932499124927286
0.5932750106774147
0.5933003249246163
0.5933258504347183
0.5933515824298539
0.5933775161544137
0.5934036468755437
0.5934299698836458
0.593456480492847
0.593483174041471
0.5935100458924953
0.5935370914339995
0.5935643060795952
0.5935916852688559
0.5936192244677301
0.5936469191689397
0.5936747648923788
0.5937027571854969
0.593730891623669
0.5937591638105566
0.5937875693784633
0.5938161039886767
0.5938447633318003
0.5938735431280744
0.593902439127695
0.5939314471111139
0.5939605628893307
0.593989782304182
0.5940191012286169
0.5940485155669588
0.5940780212551671
0.5941076142610848
0.5941372905846771
0.5941670462582636
0.5941968773467368
0.5942267799477818
0.5942567501920735
0.5942867842434794
0.5943168782992441
0.5943470285901684
0.594377231380788
0.594407482969527
0.5944377796888611
0.5944681179054632
0.5944984940203435
0.5945289044689792
0.5945593457214464
0.5945898142825303
0.5946203066918381
0.5946508195239
0.5946813493882681
0.5947118929296025
0.5947424468277518
0.594773007797829
0.5948035725902772
0.5948341379909294
0.5948647008210681
0.5948952579374653
0.594925806232431
0.5949563426338411
0.5949868641051657
0.5950173676454984
0.5950478502895633
0.5950783091077287
0.5951087412060128
0.5951391437260778
0.5951695138452227
0.5951998487763701
0.5952301457680509
0.5952604021043708
0.5952906151049868
0.5953207821250732
0.5953509005552702
0.59538096782165
0.5954109813856556
0.5954409387440531
0.595470837428862
0.5955006750072966
0.5955304490816893
0.5955601572894178
0.5955897973028232
0.5956193668291272
0.5956488636103394
0.5956782854231664
0.5957076300789117
0.5957368954233759
0.5957660793367463
0.5957951797334919
0.5958241945622413
0.5958531218056722
0.5958819594803817
0.5959107056367632
0.5959393583588799
0.5959679157643238
0.595996376004087
0.5960247372624137
0.5960529977566607
0.5960811557371484
0.5961092094870102
0.5961371573220395
0.596164997590531
0.5961927286731212
0.5962203489826274
0.5962478569638794
0.5962752510935534
0.5963025298799955
0.5963296918630547
0.5963567356138961
0.5963836597348324
0.5964104628591329
0.5964371436508449
0.5964637008046028
0.5964901330454406
0.5965164391286022
0.5965426178393454
0.5965686679927442
0.5965945884334944
0.5966203780357144
0.5966460357027401
0.5966715603669241
0.5966969509894273
0.5967222065600133
0.5967473260968381
0.5967723086462433
0.5967971532825374
0.596821859107787
0.5968464252516004
0.5968708508709106
0.5968951351497536
0.5969192772990564
0.5969432765564111
0.5969671321858518
0.5969908434776343
0.597014409748013
0.5970378303390138
0.5970611046182066
0.5970842319784824
0.5971072118378187
0.5971300436390568
0.597152726849667
0.5971752609615235
0.5971976454906693
0.5972198799770823
0.5972419639844491
0.5972638970999276
0.5972856789339156
0.597307309119814
0.5973287873137911
0.5973501131945564
0.5973712864631144
0.5973923068425346
0.5974131740777162
0.5974338879351526
0.59745444820269
0.5974748546892972
0.5974951072248249
0.5975152056597715
0.5975351498650454
0.5975549397317286
0.5975745751708414
0.5975940561131052
0.5976133825087047
0.5976325543270544
0.597651571556562
0.5976704342043915
0.5976891422962298
0.5977076958760481
0.5977260950058705
0.5977443397655415
0.5977624302524855
0.5977803665814774
0.5977981488844106
0.5978157773100623
0.597833252023861
0.5978505732076549
0.5978677410594848
0.5978847557933484
0.5979016176389749
0.5979183268415929
0.5979348836617033
0.5979512883748539
0.5979675412714069
0.5979836426563203
0.5979995928489146
0.5980153921826554
0.5980310410049254
0.598046539676802
0.5980618885728388
0.5980770880808404
0.5980921386016442
0.5981070405489026
0.5981217943488613
0.598136400440147
0.5981508592735496
0.5981651713118037
0.5981793370293804
0.5981933569122697
0.5982072314577689
0.5982209611742793
0.5982345465810859
0.5982479882081551
0.5982612865959274
0.5982744422951116
0.5982874558664788
0.5983003278806569
0.598313058917932
0.5983256495680438
0.5983381004299906
0.5983504121118255
0.5983625852304622
0.5983746204114775
0.598386518288919
0.5983982795051066
0.5984099047104463
0.5984213945632373
0.5984327497294819
0.5984439708826983
0.5984550587037356
0.5984660138805848
0.5984768371081977
0.5984875290883052
0.5984980905292332
0.5985085221457283
0.5985188246587745
0.5985289987954214
0.5985390452886019
0.5985489648769668
0.5985587583047067
0.5985684263213846
0.5985779696817666
0.5985873891456501
0.5985966854777036
0.5986058594472956
0.5986149118283368
0.5986238433991149
0.5986326549421319
0.5986413472439525
0.598649921095042
0.5986583772896124
0.5986667166254644
0.5986749399038427
0.5986830479292742
0.5986910415094266
0.5986989214549574
0.5987066885793686
0.5987143436988571
0.5987218876321778
0.5987293212004969
0.5987366452272571
0.5987438605380309
0.5987509679603855
0.5987579683237536
0.5987648624592916
0.5987716511997494
0.5987783353793388
0.5987849158336056
0.5987913933992983
0.5987977689142454
0.5988040432172284
0.5988102171478555
0.5988162915464468
0.5988222672539063
0.5988281451116055
0.5988339259612685
0.5988396106448546
0.5988452000044395
0.5988506948821115
0.5988560961198512
0.5988614045594263
0.5988666210422826
0.5988717464094373
0.5988767815013736
0.5988817271579361
0.598886584218226
0.5988913535205063
0.5988960359020945
0.5989006321992729
0.5989051432471886
0.598909569879754
0.5989139129295573
0.5989181732277737
0.5989223516040676
0.5989264488865071
0.5989304659014758
0.5989344034735886
0.5989382624255972
0.5989420435783206
0.5989457477505509
0.5989493757589806
0.5989529284181163
0.5989564065402071
0.5989598109351606
0.598963142410474
0.5989664017711558
0.5989695898196574
0.5989727073557969
0.5989757551766939
0.5989787340766961
0.5989816448473153
0.5989844882771598
0.5989872651518695
0.5989899762540549
0.5989926223632311
0.5989952042557602
0.5989977227047891
0.5990001784801935
0.5990025723485193
0.5990049050729267
0.599007177413136
0.5990093901253744
