0.0011093321306470116
0.001128338219060332
0.001172759644599175
0.0012628584942149246
0.0013771012495427115
0.0014807699022965082
0.0015562786456220223
0.0016114658397228254
0.0016660297488968467
0.001732984582752728
0.0018107556591839824
0.0018887532136107055
0.0019581474870147275
0.0031323098313320585
0.006517409948160413
0.01090887020044029
0.014960806018585515
0.017981273502731376
0.02036636040288986
0.02291422532219567
0.026110683666482615
0.02985559700887741
0.033716278208538064
0.037356465816002604
0.04076088643706832
0.04414758845961497
0.047730625985904496
0.05155895446634062
0.055529924566021016
0.059513027255802875
0.06345601546086943
0.0673988397748797
0.07141391013990717
0.07554088993102859
0.07976672502380033
0.08405146730191237
0.08836588345864183
0.09270894274445851
0.09709866306009562
0.10155181400662006
0.10607120437744744
0.11064747383959705
0.11526925121104004
0.11993139240519746
0.12463588374972456
0.1293872315616218
0.13418759087114207
0.1390352768378751
0.14392657291004163
0.14885837772238286
0.15387577211320913
0.15891665500605257
0.16400714908476832
0.1691140819324204
0.1742099655969973
0.17929006354518595
0.1843930099699529
0.18949891140856856
0.1945890854486203
0.1996840453071762
0.20476812097546215
0.20986527178120085
0.21496855767350098
0.22007170700752443
0.22516492298571933
0.23024520550399608
0.23535684401297363
0.24045054919461695
0.24552379340189212
0.2505899518606114
0.2556644390345708
0.26072528167987485
0.2658080040227784
0.27088418813354753
0.2759556235192653
0.28102758717957066
0.2860829032788912
0.2911484008320748
0.2962058098575371
0.3012638683879718
0.30634075745355105
0.31139362783840685
0.3164558806285198
0.3215097132901592
0.32655012036459574
0.33161848959828166
0.33668014900016807
0.3417315997499726
0.34678276200952407
0.3518250749166336
0.35688032517752966
0.36193529835576843
0.3669878298218032
0.3720469823888548
0.37709157176932795
0.38214543753830377
0.3871885466309637
0.39223088850821597
0.3972682813094508
0.4023108724854785
0.4073543941459219
0.412389590842146
0.4174204847382823
0.42245866455842673
0.42748899615978875
0.4325164877444303
0.4375465850727309
0.44257268643251635
0.4475893038839729
0.4526242804122731
0.45765191668447525
0.4626693416078069
0.4676969092767198
0.4727226703439582
0.4777532618712863
0.482771840346917
0.48779112091583077
0.4928135627157566
0.4978243368292681
0.5028453482467246
0.5078545293975321
0.5128657614800289
0.5178755003562951
0.5228837479017736
0.5278989200028592
0.532906225701697
0.5379154834754916
0.5429280961151326
0.5479406256741548
0.552949019551666
0.557952874276638
0.562958312731773
0.5679585971000076
0.5729609553486288
0.5779669745166212
0.5829723757683016
0.5879800139717792
0.5929837986050295
0.5979835326246405
0.6029744101279944
0.6079641704189491
0.6129645493111227
0.6179638535276126
0.6229563266503995
0.6279565106747462
0.6329557580439298
0.6379523404510499
0.6429455259810872
0.6479391075160512
0.6529377922442663
0.6579243147512912
0.6629167086297247
0.6679082052695984
0.6728995459296367
0.6778934063054365
0.6828811980501985
0.6878707755401168
0.6928604977682271
0.6978507481479213
0.7028381140573687
0.7078229798372666
0.712810238835476
0.7177936138555854
0.7227640015035321
0.7277126778690279
0.732633573315038
0.7375230519156748
0.7423791561145814
0.7472009460486975
0.7519880536189332
0.7567404159537476
0.7614581275110837
0.7661413620408783
0.7707903326418153
0.7754052714568536
0.7799864192208652
0.7845340198689783
0.7890483179135597
0.7935295573496344
0.7979779812724397
0.8023938316793595
0.8067773492316315
0.811128772999492
0.8154483403086159
0.8197362867457922
0.8239928462680188
0.8282182513025695
0.8324127327634958
0.83657651999523
0.8407098407109643
0.8448129209842623
0.8488859852987654
0.8529316402228968
0.8569564830125787
0.8609680161338495
0.8649718562733
0.8689715574165051
0.8729691400409836
0.8769656403024682
0.8809615104939583
0.8849568730954873
0.888951670219269
0.8929457475305806
0.8969388999862407
0.9009308962946037
0.9049214918515478
0.9089104355453657
0.9128974733314204
0.9168823501105052
0.9208648107147406
0.9248446004212436
0.9288214652141598
0.9327951519117494
0.9367654082209036
0.9407319827525935
0.9446946250164201
0.9486530854041915
0.9526071151681306
0.9565564663970223
0.9605008919922504
0.9644401456448222
0.9683739818139179
0.9723021557071831
0.9762244232628561
0.980140541133836
0.9840502666738304
0.9879533579256865
0.9918495736120123
0.9957386731281019
0.9996204165372502
1.0034945645684674
1.0073608786167156
1.0112191207457197
1.015069053693395
1.0189104408799095
1.022743046418336
1.0265666351278702
1.030380972549545
1.034185824964406
1.0379809594140905
1.0417661437237227
1.0455411465270412
1.0493057372936923
1.0530596863585782
1.056802764953214
1.0605347452390106
1.0642554003424225
1.0679645043918882
1.071661832556507
1.075347161086377
1.07902026735455
1.0826809299005324
1.0863289284752993
1.0899640440877363
1.0935860590524769
1.0971947570390492
1.1007899231223073
1.1043713438340443
1.107938807215767
1.1114921028725337
1.1150310220278161
1.1185553575793001
1.1220649041555637
1.1255594581735613
1.129038817896853
1.1325027834944867
1.1359511571004797
1.1393837428738198
1.1428003470589037
1.1462007780463441
1.1495848464340792
1.1529523650886846
1.1563031492068383
1.1596370163768386
1.1629537866401147
1.16625328255265
1.1695353292462292
1.172799754489449
1.1760463887484072
1.1792750652469977
1.1824856200267302
1.1856778920060105
1.188851723038792
1.1920069579725405
1.1951434447054279
1.198261034242691
1.2013595807520732
1.2044389416182932
1.2074989774964662
1.2105395523644011
1.2135605335737258
1.216561791899756
1.219543201590061
1.222504640411655
1.2254459896967553
1.2283671343870486
1.2312679630764176
1.2341483680520549
1.2370082453339348
1.2398474947125635
1.242666019784994
1.2454637279890237
1.2482405306355586
1.2509963429390814
1.2537310840462013
1.2564446770622286
1.2591370490757612
1.2618081311812306
1.2644578584993864
1.2670861701956957
1.2696930094966223
1.272278323703774
1.2748420642058864
1.2773841864886375
1.279904650142269
1.2824034188670161
1.2848804604763187
1.2873357468978162
1.2897692541721328
1.2921809624494323
1.2945708559837596
1.296938923125162
1.2992851563096082
1.3016095520467088
1.3039121109052472
1.3061928374965435
1.3084517404556637
1.3106888324204897
1.312904130008687
1.315097653792579
1.3172694282719588
1.3194194818448812
1.3215478467764408
1.3236545591655986
1.3257396589100638
1.3278031896693019
1.3298451988256748
1.3318657374437732
1.3338648602279903
1.33584262547837
1.3377990950447742
1.3397343342794281
1.341648411987891
1.3435414003784993
1.3454133750103372
1.3472644147397874
1.349094601665719
1.3509040210733652
1.3526927613769528
1.3544609140611357
1.3562085736212923
1.3579358375027484
1.3596428060389831
1.3613295823888727
1.3629962724730467
1.3646429849093984
1.3662698309478296
1.3678769244042703
1.369464381594054
1.3710323212646944
1.372580864528131
1.3741101347925015
1.3756202576935044
1.3771113610254027
1.3785835746717412
1.3800370305358216
1.3814718624709998
1.3828882062108674
1.3842861992993596
1.3856659810208605
1.3870276923303493
1.3883714757836394
1.3896974754677789
1.3910058369316411
1.3922967071167704
1.3935702342885294
1.3948265679675922
1.3960658588618289
1.397288258798632
1.3984939206577263
1.399682998304498
1.4008556465238975
1.4020120209549374
1.4031522780258427
1.4042765748898791
1.4053850693618868
1.4064779198555746
1.407555285321588
1.4086173251863885
1.4096641992919752
1.4106960678364686
1.4117130913155966
1.412715430465088
1.4137032462040153
1.4146766995790951
1.4156359517099757
1.4165811637355175
1.417512496761102
1.4184301118069689
1.4193341697575956
1.4202248313121535
1.4211022569360212
1.4219666068133936
1.4228180408009639
1.4236567183827296
1.4244827986258857
1.4252964401378314
1.426097801024298
1.426887038848589
1.4276643105919362
1.4284297726149813
1.429183580620374
1.4299258896164853
1.430656853882228
1.431376626933008
1.4320853614877587
1.4327832094370914
1.433470321812531
1.4341468487568436
1.4348129394954405
1.4354687423088563
1.4361144045062817
1.4367500724001498
1.4373758912817687
1.4379920053979687
1.438598557928782
1.439195690966117
1.4397835454934196
1.4403622613663298
1.4409319772942792
1.4414928308230586
1.442044958318304
1.442588494949911
1.4431235746773536
1.4436503302358838
1.4441688931236145
1.4446793935894506
1.44518196062186
1.4456767219384705
1.446163803976476
1.4466433318838208
1.4471154295111734
1.4475802194046379
1.4480378227992166
1.4484883596129867
1.448931948441981
1.4493687065557603
1.4497987498936489
1.4502221930616237
1.4506391493298407
1.451049730630773
1.4514540475579585
1.4518522093653239
1.4522443239670801
1.4526304979381628
1.4530108365152126
1.4533854435980702
1.4537544217517695
1.4541178722090216
1.4544758948731662
1.4548285883215692
1.455176049809472
1.4555183752742495
1.4558556593400862
1.456187995323039
1.4565154752364808
1.4568381897969047
1.457156228430085
1.457469679277561
1.4577786292034611
1.4580831638016134
1.4583833674029716
1.4586793230833113
1.4589711126711995
1.459258816756221
1.4595425146974517
1.4598222846321622
1.460098203484745
1.4603703469758527
1.460638789631731
1.4609036047937467
1.4611648646280866
1.4614226401356287
1.4616770011619664
1.4619280164075859
1.4621757534381734
1.4624202786950624
1.462661657505783
1.462899954094743
1.4631352315939958
1.4633675520541045
1.463596976455098
1.4638235647174946
1.4640473757134131
1.4642684672777238
1.4644868962192703
1.464702718332143
1.464915988406979
1.4651267602423124
1.465335086655946
1.4655410194963494
1.4657446096540738
1.4659459070731726
1.4661449607626427
1.466341818807848
1.4665365283819556
1.4667291357573502
1.4669196863170422
1.4671082245660543
1.4672947941427879
1.4674794378303577
1.467662197567904
1.467843114461858
1.4680222287971834
1.4681995800485605
1.4683752068915368
1.4685491472136265
1.4687214381253524
1.4688921159712391
1.4690612163407488
1.4692287740791539
1.4693948232983471
1.469559397387589
1.4697225290241827
1.4698842501840907
1.4700445921524654
1.4702035855341133
1.4703612602638882
1.4705176456169928
1.4706727702192222
1.4708266620571049
1.4709793484879796
1.4711308562499763
1.471281211471923
1.4714304396831608
1.4715785658232683
1.4717256142517119
1.4718716087573904
1.4720165725681058
1.4721605283599306
1.472303498266493
1.4724455038881672
1.472586566301172
1.472726706066573
1.4728659432391984
1.4730042973764554
1.4731417875470578
1.4732784323396544
1.4734142498713618
1.473549257796214
1.4736834733135007
1.4738169131760248
1.4739495936982578
1.4740815307643995
1.474212739836351
1.4743432359615811
1.4744730337809093
1.4746021475361886
1.4747305910778934
1.4748583778726152
1.4749855210104679
1.4751120332123904
1.4752379268373694
1.4753632138895556
1.4754879060252968
1.4756120145600766
1.4757355504753606
1.4758585244253526
1.4759809467436575
1.4761028274498607
1.4762241762560082
1.4763450025730087
1.4764653155169336
1.4765851239152452
1.4767044363129234
1.4768232609785121
1.4769416059100795
1.4770594788410918
1.4771768872462028
1.4772938383469514
1.4774103391173927
1.477526396289628
1.477642016359261
1.477757205590775
1.4778719700228216
1.4779863154734327
1.4781002475451546
1.4782137716301014
1.4783268929149296
1.4784396163857352
1.4785519468328747
1.4786638888557135
1.4787754468672905
1.4788866250989132
1.478997427604683
1.4791078582659392
1.4792179207956337
1.479327618742638
1.4794369554959719
1.4795459342889687
1.4796545582033662
1.4797628301733292
1.4798707529894095
1.4799783293024307
1.4800855616273143
1.48019245234683
1.4802990037152925
1.48040521786218
1.4805110967957091
1.4806166424063205
1.4807218564701303
1.4808267406522937
1.4809312965103318
1.4810355254973766
1.4811394289653723
1.481243008168211
1.4813462642648139
1.4814491983221485
1.481551811318198
1.4816541041448676
1.481756077610843
1.4818577324443822
1.4819590692960727
1.4820600887415107
1.4821607912839516
1.482261177356893
1.4823612473266143
1.4824610014946629
1.4825604401002872
1.482659563322831
1.4827583712840662
1.4828568640504871
1.4829550416355533
1.4830529040018856
1.4831504510634224
1.4832476826875185
1.4833445986970082
1.4834411988722254
1.4835374829529737
1.4836334506404576
1.4837291015991694
1.483824435458736
1.4839194518157273
1.4840141502354145
1.484108530253497
1.4842025913777919
1.4842963330898709
1.4843897548466778
1.4844828560820913
1.4845756362084614
1.4846680946181063
1.4847602306847678
1.4848520437650432
1.4849435331997682
1.485034698315376
1.4851255384252156
1.4852160528308396
1.4853062408232631
1.4853961016841808
1.4854856346871594
1.4855748390987973
1.485663714179851
1.4857522591863317
1.4858404733705761
1.4859283559822822
1.486015906269519
1.4861031234797055
1.486190006860567
1.4862765556610533
1.4863627691322439
1.4864486465282143
1.48653418710688
1.4866193901308202
1.4867042548680676
1.4867887805928763
1.4868729665864677
1.4869568121377528
1.4870403165440216
1.4871234791116228
1.487206299156611
1.487288776005376
1.4873709089952456
1.4874526974750726
1.4875341408057965
1.4876152383609869
1.4876959895273618
1.4877763937052917
1.4878564503092813
1.487936158768429
1.4880155185268746
1.4880945290442185
1.4881731897959343
1.488251500273753
1.4883294599860353
1.488407068458124
1.488484325232684
1.4885612298700206
1.4886377819483823
1.4887139810642518
1.4887898268326163
1.4888653188872292
1.4889404568808438
1.489015240485453
1.4890896693924924
1.4891637433130462
1.489237461978032
1.4893108251383715
1.489383832565153
1.489456484049776
1.4895287794040843
1.4896007184604922
1.4896723010720896
1.4897435271127444
1.4898143964771853
1.4898849090810824
1.4899550648611077
1.490024863774992
1.4900943058015699
1.4901633909408085
1.490232119213835
1.4903004906629551
1.4903685053516496
1.490436163364576
1.490503464807552
1.490570409807538
1.4906369985126071
1.4907032310918975
1.4907691077355798
1.4908346286547927
1.490899794081587
1.4909646042688545
1.491029059490252
1.4910931600401192
1.491156906233388
1.491220298405488
1.491283336912244
1.4913460221297639
1.4914083544543297
1.4914703343022717
1.491531962109848
1.4915932383331105
1.491654163447767
1.491714737949045
1.4917749623515402
1.4918348371890682
1.4918943630145103
1.491953540399651
1.492012369935015
1.4920708522297002
1.4921289879112045
1.492186777625256
1.4922442220356231
1.492301321823943
1.492358077689528
1.4924144903491836
1.4924705605370088
1.4925262890042097
1.4925816765188973
1.4926367238658873
1.4926914318465014
1.4927458012783577
1.4927998329951668
1.492853527846525
1.492906886697697
1.492959910429411
1.4930125999376385
1.4930649561333782
1.4931169799424442
1.4931686723052415
1.493220034176546
1.4932710665252875
1.4933217703343225
1.4933721466002137
1.4934221963330048
1.4934719205559936
1.4935213203055104
1.493570396630691
1.4936191505932426
1.4936675832672268
1.4937156957388265
1.4937634891061178
1.4938109644788442
1.493858122978188
1.4939049657365393
1.4939514938972716
1.493997708614514
1.4940436110529216
1.494089202387448
1.4941344838031183
1.4941794564948037
1.4942241216669956
1.4942684805335773
1.4943125343176042
1.4943562842510696
1.4943997315746955
1.4944428775376952
1.4944857233975606
1.4945282704198402
1.4945705198779127
1.4946124730527757
1.4946541312328225
1.4946954957136258
1.494736567797725
1.494777348794405
1.4948178400194898
1.4948580427951264
1.494897958449572
1.49493758831699
1.4949769337372363
1.4950159960556553
1.4950547766228715
1.4950932767945906
1.4951314979313919
1.4951694413985317
1.4952071085657401
1.4952445008070256
1.4952816195004779
1.4953184660280758
1.4953550417754915
1.495391348131899
1.4954273864897898
1.4954631582447773
1.49549866479542
1.4955339075430318
1.4955688878914977
1.4956036072471015
1.4956380670183398
1.4956722686157455
1.4957062134517205
1.4957399029403549
1.4957733384972558
1.4958065215393868
1.4958394534848898
1.4958721357529274
1.495904569763515
1.4959367569373638
1.4959686986957168
1.496000396460194
1.4960318516526376
1.4960630656949538
1.496094040008968
1.496124776016269
1.4961552751380678
1.4961855387950465
1.4962155684072158
1.4962453653937748
1.496274931172974
1.4963042671619702
1.4963333747766976
1.496362255431733
1.4963909105401623
1.4964193415134508
1.496447549761319
1.496475536691614
1.496503303710183
1.4965308522207614
1.4965581836248436
1.496585299321568
1.4966122007076041
1.496638889177035
1.4966653661212472
1.4966916329288233
1.4967176909854292
1.4967435416737098
1.4967691863731876
1.496794626460158
1.4968198633075902
1.4968448982850262
1.496869732758488
1.4968943680903815
1.4969188056394032
1.4969430467604496
1.4969670928045327
1.4969909451186805
1.497014605045866
1.4970380739249176
1.4970613530904329
1.4970844438727067
1.49710734759765
1.497130065586708
1.497152599156795
1.4971749496202147
1.4971971182845918
1.4972191064528024
1.4972409154229025
1.4972625464880691
1.4972840009365278
1.4973052800514992
1.4973263851111254
1.4973473173884226
1.4973680781512169
1.4973886686620892
1.4974090901783192
1.4974293439518354
1.4974494312291604
1.497469353251362
1.4974891112540067
1.4975087064671078
1.4975281401150848
1.497547413416716
1.4975665275850965
1.4975854838275993
1.497604283345832
1.497622927335601
1.4976414169868741
1.4976597534837444
1.4976779380043963
1.497695971721071
1.497713855800038
1.497731591401565
1.497749179679884
1.4977666217831693
1.497783918853509
1.4978010720268768
1.4978180824331142
1.4978349511959026
1.4978516794327472
1.4978682682549485
1.4978847187675912
1.497901032069521
1.4979172092533322
1.4979332514053487
1.497949159605609
1.4979649349278548
1.4979805784395177
1.4979960912017072
1.4980114742692026
1.4980267286904416
1.498041855507509
1.498056855756138
1.4980717304656954
1.4980864806591807
1.4981011073532189
1.4981156115580614
1.498129994277578
1.49814425650926
1.4981583992442156
1.4981724234671727
1.4981863301564768
1.498200120284098
1.49821379481563
1.4982273547102904
1.4982408009209323
1.4982541343940454
1.4982673560697588
1.4982804668818543
1.4982934677577697
1.4983063596186055
1.4983191433791356
1.4983318199478184
1.498344390226804
1.498356855111946
1.4983692154928123
1.4983814722527011
1.4983936262686468
1.498405678411439
1.498417629545635
1.4984294805295733
1.498441232215388
1.49845288544903
1.4984644410702748
1.498475899912746
1.4984872628039314
1.4984985305651977
1.4985097040118118
1.4985207839529595
1.4985317711917645
1.4985426665253074
1.4985534707446462
1.4985641846348399
1.498574808974964
1.4985853445381379
1.4985957920915434
1.498606152396449
1.4986164262082298
1.4986266142763949
1.498636717344609
1.4986467361507154
1.4986566714267582
1.4986665238990167
1.4986762942880176
1.498685983308568
1.4986955916697795
1.498705120075095
1.498714569222309
1.4987239398036039
1.4987332325055691
1.4987424480092306
1.4987515869900774
1.4987606501180926
1.498769638057774
1.4987785514681704
1.4987873910029021
1.4987961573101947
1.4988048510329062
1.4988134728085534
1.498822023269346
1.4988305030422104
1.4988389127488215
1.498847253005632
