0.0003533824651178463
0.0003448304915281142
0.0004194904698833213
0.0006388069933578322
0.0009339691335545908
0.001195584007099626
0.0013698867168949747
0.001483057942796684
0.0015972228734657534
0.0017523269186252577
0.0019423504847297934
0.002133670504760765
0.0022989626921710027
0.0024361577405862533
0.002562480423507374
0.0026955763615772455
0.0028399714590729985
0.0029875804318511
0.003127668723151622
0.0032558481962174923
0.00337554442067578
0.0047318949121475384
0.008265691518193563
0.01297565766942732
0.017288177834961616
0.020432264450740867
0.022783752927154843
0.025232404000028907
0.028350121661177674
0.032052283683201566
0.03586092935301011
0.039387052837465575
0.04259795900444807
0.045732474040460325
0.04903669190464832
0.052575527783341514
0.056239300178365426
0.05988015854626205
0.06343493293147695
0.06694587697686494
0.07049563834947925
0.07413230019250694
0.07784392535612028
0.08158609235205905
0.08532500411208588
0.08905894788069268
0.0928089860157737
0.09659568173709765
0.10042367203887714
0.10428302147469903
0.10816092643585051
0.11205174350223768
0.11595847511855606
0.11988740611226945
0.12384207987772022
0.12782125540905387
0.13182103692986313
0.13583824760964447
0.13987217482173353
0.14392394969993205
0.14799478792103749
0.152084741451894
0.1561927002995942
0.1603172390153258
0.16445742460772106
0.16861301400878492
0.1727840898129891
0.17697057119592774
0.1811719921037982
0.1853876287565006
0.1896167831189599
0.19385897157688792
0.19811390570845067
0.2023813332728146
0.20666089270621768
0.21095208749489291
0.21525437305993744
0.21956726558943274
0.22389038410023954
0.22822340568271482
0.23256598518760985
0.2369177095745485
0.24127811776694852
0.24564675937524338
0.2500232385319858
0.25440720951320106
0.2587983351973042
0.2631962480634167
0.2676005452481087
0.27201081639471614
0.2764266763652383
0.280847775375606
0.28527378206232434
0.2897043578325711
0.2941391447856212
0.298577774511565
0.3030198868090155
0.3074651413948377
0.31191321460659616
0.31636378677358756
0.32081653226351303
0.3252711195284368
0.32972721887328316
0.3341845099976828
0.338642683360348
0.34310143574769913
0.3475604649727231
0.3520194681218838
0.3564781438208957
0.3609361956376249
0.36539333355924164
0.3698492728310159
0.3743037317759299
0.37875643062727704
0.3832070920474333
0.3876554424388132
0.3921012127196821
0.3965441380118957
0.4009839567308324
0.40542040995162143
0.4098532414913958
0.4142821984470393
0.41870703160109546
0.42312749533939265
0.42754334719978804
0.43195434745092687
0.43636025899790276
0.4407608475893614
0.4451558820609103
0.4495451343674466
0.4539283793685902
0.45830539453371877
0.46267595976911835
0.46703985744083276
0.4713968725017308
0.4757467925644061
0.4800894078287259
0.4844245109008254
0.48875189662055796
0.49307136199151635
0.4973827062146201
0.5016857307454936
0.5059802392888901
0.510266037705688
0.5145429338811498
0.5188107376279696
0.5230692606608622
0.5273183166184188
0.531557721074349
0.5357872914973987
0.5400068471666541
0.5442162090846301
0.5484151999273541
0.5526036440364317
0.5567813674245157
0.5609481977597666
0.565103964317661
0.5692484979174708
0.5733816308715767
0.5775031969623177
0.5816130314376631
0.5857109710040884
0.5897968538015448
0.5938705193632181
0.5979318085757024
0.6019805636535445
0.6060166281293915
0.6100398468491974
0.6140500659605683
0.618047132890819
0.6220308963212453
0.6260012061672091
0.629957913568461
0.6339008708861646
0.6378299316993186
0.6417449507959576
0.6456457841605721
0.6495322889630071
0.6534043235530858
0.6572617474608684
0.6611044213989192
0.66493220726292
0.6687449681298947
0.6725425682563149
0.6763248730790163
0.6800917492200229
0.6838430644939502
0.6875786879156722
0.6912984897070285
0.6950023413031445
0.6986901153600247
0.7023616857645818
0.7060169276468722
0.7096557173934004
0.7132779326603798
0.7168834523868419
0.7204721568083077
0.7240439274718549
0.7275986472528082
0.7311362003725712
0.7346564724168703
0.7381593503540831
0.7416447225538425
0.7451124788063863
0.7485625103429498
0.7519947098570663
0.755408971526391
0.758805191034706
0.7621832655940759
0.7655430939673504
0.7688845764912404
0.772207615099977
0.7755121133493779
0.7787979764410711
0.7820651112467685
0.7853134263326131
0.7885428319837517
0.7917532402291476
0.7949445648666016
0.7981167214877933
0.8012696275032507
0.8044032021671974
0.8075173666023243
0.8106120438245332
0.8136871587676149
0.8167426383077929
0.8197784112880262
0.822794408542018
0.8257905629179181
0.8287668093017428
0.8317230846404948
0.8346593279649541
0.8375754804120525
0.8404714852467885
0.8433472878836525
0.846202835907544
0.8490380790941909
0.8518529694300447
0.8546474611315906
0.8574215106640484
0.8601750767594147
0.8629081204338318
0.8656206050042803
0.868312496104573
0.8709837617006322
0.8736343721049993
0.876264299990571
0.8788735204035136
0.8814620107753735
0.8840297509343431
0.8865767231156996
0.8891029119713592
0.8916083045785541
0.8940928904475944
0.8965566615287202
0.8989996122180219
0.9014217393624309
0.9038230422637632
0.9062035226818086
0.908563184836443
0.9109020354087685
0.9132200835412734
0.9155173408370043
0.9177938213577539
0.9200495416212524
0.9222845205973753
0.9244987797033328
0.9266923427978799
0.92886523617452
0.9310174885537243
0.9331491310741544
0.9352601972829024
0.9373507231247551
0.9394207469304643
0.9414703094040657
0.9434994536092303
0.9455082249546605
0.9474966711785511
0.9494648423321141
0.9514127907621859
0.9533405710929168
0.9552482402065792
0.9571358572234789
0.9590034834810144
0.9608511825118731
0.9626790200214002
0.9644870638641434
0.9662753840195988
0.9680440525671692
0.9697931436603691
0.9715227335002661
0.9732329003082167
0.974923724297887
0.9765952876465862
0.9782476744659396
0.97988097077193
0.9814952644543009
0.9830906452453823
0.9846672046883347
0.9862250361048375
0.9877642345622624
0.9892848968403287
0.9907871213972959
0.99227100833569
0.9937366593675998
0.9951841777795725
0.9966136683971225
0.9980252375488838
0.9994189930304342
1.0007950440678028
1.0021535012807048
1.0034944766455096
1.0048180834579785
1.0061244362957948
1.0074136509809017
1.008685844541687
1.0099411351750254
1.0111796422082122
1.0124014860608046
1.0136067882063928
1.014795671134336
1.0159682583114753
1.0171246741438464
1.0182650439384169
1.0193894938648729
1.0204981509174722
1.0215911428769857
1.0226685982727481
1.0237306463448368
1.0247774170064101
1.0258090408061982
1.0268256488912009
1.0278273729695746
1.0288143452737595
1.0297866985238384
1.0307445658911654
1.0316880809622546
1.032617377702982
1.0335325904230768
1.0344338537409499
1.0353213025488506
1.0361950719783772
1.0370552973663587
1.0379021142211027
1.0387356581890472
1.0395560650218068
1.0403634705436327
1.0411580106192995
1.041939821122428
1.0427090379042534
1.0434657967628382
1.0442102334127625
1.044942483455273
1.0456626823489215
1.046370965380671
1.0470674676375182
1.0477523239785969
1.0484256690077887
1.0490876370468465
1.0497383621090348
1.0503779778732776
1.051006617658838
1.051624414400516
1.0522315006243828
1.0528280084240365
1.0534140694373946
1.0539898148240185
1.0545553752429768
1.0551108808312382
1.055656461182605
1.0561922453271801
1.056718361711372
1.0572349381784294
1.0577421019495175
1.0582399796053146
1.0587286970681493
1.0592083795846623
1.059679151708993
1.0601411372864833
1.0605944594379153
1.061039240544254
1.0614756022318979
1.061903665358459
1.0623235499990251
1.0627353754329372
1.0631392601310559
1.0635353217435242
1.0639236770880087
1.0643044421384324
1.064677732014176
1.0650436609697485
1.0654023423849326
1.0657538887553768
1.0660984116836438
1.0664360218707145
1.0667668291079213
1.0670909422693224
1.0674084693045005
1.0677195172317875
1.0680241921318983
1.068322599141979
1.0686148424500503
1.0689010252898523
1.0691812499360722
1.0694556176999503
1.0697242289252706
1.0699871829847094
1.0702445782765446
1.0704965122217214
1.0707430812612593
1.0709843808540027
1.0712205054747033
1.0714515486124219
1.0716776027692525
1.0718987594593514
1.0721151092082835
1.0723267415526454
1.0725337450399959
1.0727362072290587
1.0729342146902034
1.0731278530061994
1.0733172067732273
1.073502359602145
1.0736833941200095
1.0738603919718335
1.0740334338225805
1.0742025993593876
1.0743679672940152
1.074529615365507
1.0746876203430622
1.0748420580291125
1.0749930032625983
1.075140529922427
1.075284710931128
1.0754256182586825
1.0755633229265236
1.0756978950117109
1.075829403651257
1.0759579170466251
1.0760835024683635
1.0762062262608927
1.0763261538474307
1.0764433497350572
1.076557877519896
1.076669799892442
1.0767791786429868
1.0768860746671702
1.0769905479716426
1.0770926576798292
1.0771924620377904
1.0772900184201895
1.0773853833363445
1.0774786124363676
1.0775697605173882
1.0776588815298558
1.0777460285839195
1.0778312539558712
1.0779146090946634
1.0779961446284867
1.0780759103714068
1.0781539553300545
1.0782303277103784
1.078305074924427
1.0783782435971956
1.0784498795735011
1.0785200279249079
1.078588732956673
1.078656038214742
1.0787219864927602
1.0787866198391143
1.078849979564005
1.0789121062465261
1.0789730397417765
1.0790328191879768
1.0790914830136078
1.0791490689445506
1.079205614011241
1.0792611545558302
1.0793157262393454
1.0793693640488513
1.0794221023046155
1.079473974667268
1.0795250141449557
1.07957525310049
1.0796247232584895
1.0796734557125056
1.0797214809321378
1.0797688287701455
1.079815528469524
1.0798616086705861
1.0799070974180012
1.0799520221678351
1.0799964097945587
1.0800402865980336
1.0800836783104728
1.0801266101033766
1.0801691065944494
1.0802111918544703
1.0802528894141554
1.0802942222709735
1.0803352128959416
1.0803758832403778
1.0804162547426346
1.0804563483347795
1.0804961844492604
1.0805357830255176
1.0805751635165706
1.0806143448955643
1.0806533456622702
1.0806921838495622
1.0807308770298372
1.0807694423214063
1.0808078963948446
1.0808462554792877
1.0808845353687033
1.0809227514281057
1.0809609185997378
1.0809990514091998
1.0810371639715415
1.0810752699973065
1.0811133827985362
1.0811515152947164
1.0811896800186975
1.0812278891225482
1.081266154383381
1.0813044872091195
1.0813428986442224
1.0813813993753625
1.0814199997370597
1.0814587097172588
1.0814975389628723
1.0815364967852608
1.08157559216568
1.0816148337606748
1.0816542299074152
1.0816937886290034
1.0817335176397158
1.0817734243502084
1.081813515872665
1.0818537990259047
1.081894280340439
1.081934966063475
1.0819758621638806
1.082016974337093
1.0820583080099837
1.082099868345673
1.0821416602482987
1.082183688367735
1.0822259571042645
1.0822684706132026
1.0823112328094737
1.0823542473721366
1.0823975177488752
1.0824410471604207
1.082484838604949
1.0825288948624134
1.0825732184988412
1.0826178118705796
1.0826626771284955
1.0827078162221273
1.082753230903795
1.0827989227326604
1.0828448930787387
1.0828911431268757
1.082937673880667
1.0829844861663371
1.0830315806365745
1.0830789577743216
1.083126617896517
1.0831745611578008
1.0832227875541642
1.0832712969265659
1.0833200889645003
1.0833691632095208
1.0834185190587222
1.0834681557681813
1.083518072456351
1.0835682681074132
1.0836187415745924
1.0836694915834242
1.083720516734985
1.0837718155090723
1.0838233862673574
1.083875227256482
1.0839273366111284
1.0839797123570394
1.084032352413998
1.0840852545987767
1.0841384166280363
1.0841918361211889
1.0842455106032283
1.0842994375075081
1.0843536141784993
1.0844080378744891
1.0844627057702603
1.0845176149597195
1.084572762458495
1.0846281452064979
1.0846837600704422
1.0847396038463293
1.0847956732618975
1.0848519649790394
1.0849084755961727
1.0849652016505855
1.0850221396207438
1.0850792859285603
1.0851366369416349
1.0851941889754553
1.0852519382955643
1.0853098811196977
1.0853680136198829
1.08542633192451
1.085484832120362
1.0855435102546211
1.0856023623368376
1.0856613843408685
1.085720572206779
1.0857799218427209
1.085839429126776
1.0858990899087626
1.0859589000120247
1.0860188552351753
1.0860789513538203
1.0861391841222492
1.0861995492750918
1.0862600425289548
1.0863206595840218
1.086381396125625
1.0864422478257927
1.0865032103447616
1.086564279332472
1.0866254504300201
1.0866867192710945
1.0867480814833872
1.086809532689962
1.0868710685106135
1.0869326845631928
1.0869943764649008
1.087056139833571
1.087117970288907
1.087179863453712
1.0872418149550818
1.0873038204255803
1.0873658755043838
1.0874279758384073
1.0874901170833988
1.087552294905021
1.0876145049798955
1.0876767429966359
1.087739004656851
1.0878012856761288
1.0878635817849913
1.0879258887298358
1.0879882022738494
1.0880505181979006
1.0881128323014106
1.0881751404032034
1.088237438342337
1.088299721978908
1.0883619871948405
1.0884242298946534
1.088486446006205
1.0885486314814221
1.0886107822970068
1.0886728944551214
1.0887349639840584
1.08879698693889
1.0888589594021
1.088920877484191
1.0889827373242822
1.0890445350906823
1.0891062669814495
1.0891679292249297
1.0892295180802796
1.089291029837974
1.0893524608202885
1.0894138073817787
1.0894750659097285
1.0895362328245932
1.0895973045804226
1.0896582776652641
1.0897191486015583
1.0897799139465114
1.0898405702924583
1.0899011142672048
1.0899615425343638
1.0900218517936668
1.090082038781265
1.0901421002700236
1.0902020330697875
1.0902618340276486
1.0903215000281836
1.0903810279936943
1.0904404148844264
1.0904996576987722
1.090558753473469
1.0906176992837784
1.0906764922436576
1.090735129505915
1.0907936082623548
1.0908519257439098
1.0909100792207678
1.0909680660024765
1.0910258834380437
1.0910835289160286
1.0911409998646153
1.091198293751681
1.0912554080848516
1.09131234041155
1.091369088319027
1.0914256494343908
1.0914820214246248
1.0915382019965874
1.091594188897016
1.0916499799125106
1.0917055728695129
1.0917609656342808
1.0918161561128414
1.0918711422509517
1.0919259220340383
1.0919804934871342
1.0920348546748082
1.0920890037010818
1.0921429387093458
1.092196657882262
1.0922501594416625
1.0923034416484363
1.092356502802419
1.092409341242261
1.0924619553453025
1.0925143435274354
1.0925665042429564
1.09261843598442
1.0926701372824814
1.0927216067057328
1.0927728428605352
1.0928238443908462
1.0928746099780398
1.0929251383407195
1.0929754282345296
1.0930254784519597
1.093075287822141
1.093124855210645
1.09317417951927
1.0932232596858258
1.0932720946839138
1.0933206835227072
1.0933690252467168
1.0934171189355606
1.093464963703731
1.093512558700347
1.0935599031089147
1.0936069961470798
1.0936538370663733
1.09370042515196
1.093746759722376
1.0937928401292716
1.0938386657571435
1.0938842360230687
1.0939295503764335
1.093974608298664
1.0940194093029447
1.0940639529339444
1.0941082387675314
1.0941522664104948
1.094196035500259
1.0942395457045926
1.0942827967213207
1.094325788278038
1.094368520131808
1.0944109920688732
1.0944532039043562
1.0944951554819644
1.0945368466736864
1.0945782773794965
1.0946194475270472
1.0946603570713682
1.09470100599456
1.0947413943054958
1.0947815220395043
1.094821389258068
1.094860996048519
1.0949003425237214
1.0949394288217693
1.0949782551056728
1.0950168215630498
1.0950551284058152
1.0950931758698683
1.0951309642147837
1.0951684937234987
1.0952057647020004
1.095242777479017
1.0952795324057032
1.0953160298553346
1.095352270222989
1.0953882539252398
1.0954239813998434
1.0954594531054331
1.0954946695212024
1.0955296311466007
1.095564338501024
1.0955987921235044
1.095632992572403
1.0956669404251071
1.095700636277714
1.0957340807447382
1.0957672744587983
1.095800218070318
1.0958329122472188
1.0958653576746231
1.0958975550545516
1.0959295051056221
1.0959612085627555
1.0959926661768762
1.0960238787146146
1.0960548469580145
1.0960855717042417
1.0961160537652868
1.0961462939676805
1.096176293152201
1.0962060521735868
1.0962355719002526
1.0962648532140014
1.0962938970097449
1.0963227041952184
1.0963512756907043
1.0963796124287555
1.0964077153539122
1.0964355854224355
1.0964632236020275
1.096490630871564
1.0965178082208258
1.096544756650231
1.0965714771705652
1.0965979708027236
1.096624238577447
1.0966502815350614
1.096676100725217
1.096701697206643
1.096727072046881
1.0967522263220388
1.0967771611165427
1.0968018775228874
1.0968263766413884
1.0968506595799425
1.0968747274537822
1.0968985813852417
1.0969222225035118
1.096945651944412
1.096968870850155
1.0969918803691137
1.0970146816555957
1.0970372758696172
1.0970596641766726
1.097081847747524
1.0971038277579694
1.0971256053886336
1.097147181824747
1.0971685582559374
1.097189735876018
1.0972107158827757
1.0972314994777683
1.097252087866118
1.0972724822563134
1.0972926838600046
1.0973126938918103
1.097332513569123
1.0973521441119134
1.0973715867425407
1.0973908426855674
1.097409913167569
1.0974287994169556
1.0974475026637869
1.0974660241395942
1.0974843650772055
1.0975025267105671
1.0975205102745749
1.0975383170049051
1.0975559481378445
1.0975734049101264
1.097590688558765
1.0976078003208993
1.0976247414336315
1.097641513133869
1.0976581166581774
1.0976745532426202
1.0976908241226147
1.0977069305327811
1.097722873706803
1.0977386548772774
1.0977542752755802
1.0977697361317214
1.0977850386742167
1.0978001841299472
1.097815173724026
1.0978300086796775
1.0978446902180998
1.0978592195583436
1.0978735979171912
1.0978878265090293
1.0979019065457338
1.0979158392365536
1.0979296257879936
1.0979432674036964
1.097956765284347
1.0979701206275472
1.0979833346277168
1.097996408475991
1.0980093433601112
1.0980221404643276
1.0980348009693035
1.0980473260520123
1.0980597168856487
1.0980719746395309
1.0980841004790145
1.0980960955653982
1.0981079610558409
1.0981196981032735
1.0981313078563204
1.098142791459213
1.0981541500517107
1.0981653847690263
1.0981764967417478
1.098187487095764
1.0981983569521931
1.098209107427314
1.0982197396324915
1.0982302546741156
1.0982406536535345
1.0982509376669896
1.098261107805552
1.098271165155067
1.0982811107960933
1.0982909458038455
1.098300671248139
1.0983102881933364
1.0983197976982968
1.098329200816325
1.098338498595119
1.0983476920767288
1.0983567822975084
1.0983657702880665
1.098374657073232
1.0983834436720068
1.0983921310975306
1.098400720357036
1.0984092124518199
1.0984176083772033
1.0984259091224962
1.098434115670968
1.098442228999816
1.098450250080134
1.098458179876883
1.0984660193488693
1.0984737694487121
1.0984814311228224
1.0984890053113787
1.098496492948307
1.098503894961258
1.0985112122715872
1.0985184457943387
1.0985255964382263
1.09853266510562
1.0985396526925273
1.0985465600885842
1.098553388177037
1.09856013783474
1.0985668099321346
1.0985734053332497
1.0985799248956853
1.098586369470616
1.0985927399027728
1.0985990370304455
1.0986052616854796
1.09861141469327
1.0986174968727624
1.0986235090364502
1.098629451990372
1.0986353265341178
1.0986411334608306
1.0986468735572057
1.0986525476034945
1.0986581563735127
1.098663700634643
1.0986691811478435
1.0986745986676523
1.098679953942196
1.0986852477132008
1.0986904807159998
1.0986956536795462
1.0987007673264193
1.0987058223728408
1.0987108195286854
1.0987157594974963
1.098720642976498
1.0987254706566087
1.0987302432224588
1.0987349613524087
1.0987396257185598
1.098744236986775
