3.0469104150591307e-06
3.0466280593073175e-06
3.0380045260945527e-06
3.03786830042583e-06
3.053591913181991e-06
3.067186333982787e-06
3.068279868628061e-06
3.0592993075342315e-06
3.04964150189821e-06
3.0464037750931e-06
3.0496615161726257e-06
3.054510762714921e-06
-0.0015389292597469677
-0.005810612476910957
-0.010794551392145272
-0.014954985536705863
-0.017738417472436725
-0.019859998104793546
-0.022393759718273298
-0.025840536994458155
-0.029841907683138182
-0.033635655520131015
-0.036743500636958956
-0.03929698108962993
-0.041812882664249255
-0.04470568078979362
-0.04797755352874819
-0.051298175593054086
-0.054333935080519785
-0.057014975807812465
-0.059539368910896076
-0.0621628138187558
-0.0649837561576716
-0.0678961664241991
-0.07071465103514335
-0.07333823884799177
-0.07581463561786897
-0.07827328215745172
-0.08080639217130753
-0.08340305913542917
-0.08597854420954093
-0.08845668091971563
-0.0908292438307336
-0.09314946470903285
-0.09547780794932442
-0.09783262963022632
-0.1001841098407571
-0.10248779494296428
-0.10472321666178366
-0.10690579020045907
-0.10906775159918329
-0.11122942082683207
-0.11338561162175313
-0.11551505210100294
-0.11760078143869564
-0.11964309710956238
-0.12165618882655646
-0.12365434908037257
-0.12564080753862866
-0.12760758044139778
-0.12954429136214152
-0.13144716501435955
-0.13332098599863865
-0.13517384155333578
-0.13701025852428436
-0.1388285240732694
-0.14062350651209768
-0.14239164779183744
-0.14413371989282045
-0.1458535843962581
-0.14755472675397083
-0.14923776494069288
-0.150900729780439
-0.15254135270483726
-0.15415914433113623
-0.15575564565478228
-0.15733300652715435
-0.15889235128028212
-0.1604332782441505
-0.16195467329048055
-0.16345593260369995
-0.16493753774739459
-0.16640064861164364
-0.16784623045225905
-0.16927450424496623
-0.17068509754224911
-0.1720776384519055
-0.173452230356603
-0.17480945053033675
-0.17614996756936363
-0.17747415953662096
-0.17878203856985123
-0.18007348114074004
-0.18134851824197862
-0.18260744114634064
-0.18385067561503884
-0.18507857253853424
-0.18629129961465624
-0.18748889972838872
-0.18867143467487762
-0.1898390815991194
-0.19099211521468676
-0.19213081430339055
-0.19325538326733763
-0.19436594801695176
-0.19546261336495765
-0.19654552282951251
-0.19761487274923759
-0.19867087960090493
-0.19971373693668815
-0.20074359852531926
-0.2017605952387919
-0.2027648646684437
-0.20375656706320835
-0.2047358780494184
-0.20570296923797468
-0.20665799493251513
-0.2076010941338097
-0.20853240275458765
-0.20945206399701846
-0.21036022907268367
-0.21125704992995833
-0.212142671636281
-0.2130172305831473
-0.21388085862996134
-0.21473368854462063
-0.21557585612437044
-0.21640749807560575
-0.21722874831897332
-0.21803973603761959
-0.21884058665036601
-0.2196314242965449
-0.2204123735306165
-0.2211835590650598
-0.22194510421006425
-0.2226971295527248
-0.22343975289019286
-0.2241730902132629
-0.22489725674580527
-0.2256123672150457
-0.2263185353150282
-0.22701587297415907
-0.22770449006394675
-0.22838449470197475
-0.22905599379876593
-0.22971909337755667
-0.2303738984732531
-0.23102051279007443
-0.23165903845179434
-0.23228957603721984
-0.2329122248285607
-0.2335270830461489
-0.23413424789890624
-0.23473381545964547
-0.23532588051101527
-0.23591053650234006
-0.23648787564208507
-0.23705798903831235
-0.23762096677827255
-0.23817689790738744
-0.23872587035503395
-0.23926797088747623
-0.23980328513122862
-0.240331897645919
-0.24085389199023513
-0.24136935074054072
-0.2418783554667305
-0.2423809867028194
-0.24287732394677625
-0.24336744569428037
-0.24385142948311894
-0.2443293519206704
-0.24480128868532744
-0.24526731451499562
-0.24572750320349807
-0.24618192761548885
-0.24663065971363335
-0.2470737705831017
-0.24751133044316387
-0.24794340864771167
-0.2483700736848953
-0.2487913931847844
-0.24920743393584116
-0.24961826190369435
-0.25002394224497076
-0.25042453931408
-0.25082011666675863
-0.251210737065971
-0.2515964624927644
-0.25197735416012973
-0.2523534725258207
-0.2527248773015087
-0.2530916274590064
-0.25345378123637186
-0.25381139614623294
-0.25416452898634495
-0.2545132358505714
-0.2548575721383186
-0.255197592562037
-0.2555333511538707
-0.2558649012729844
-0.25619229561417345
-0.25651558621715037
-0.2568348244754035
-0.25715006114397276
-0.2574613463464139
-0.2577687295817363
-0.25807225973190845
-0.25837198506989134
-0.25866795326766295
-0.25896021140375275
-0.2592488059701892
-0.25953378287920026
-0.2598151874700687
-0.2600930645162772
-0.26036745823276003
-0.26063841228295637
-0.26090596978551395
-0.2611701733207317
-0.2614310649369629
-0.2616886861571249
-0.2619430779853001
-0.26219428091325614
-0.26244233492678043
-0.26268727951180937
-0.2629291536604549
-0.2631679958770227
-0.26340384418406865
-0.26363673612842325
-0.26386670878710683
-0.2640937987731072
-0.26431804224104116
-0.2645394748927655
-0.26475813198297676
-0.2649740483247742
-0.265187258295171
-0.26539779584049467
-0.2656056944816944
-0.2658109873195804
-0.2660137070400229
-0.2662138859191113
-0.26641155582826614
-0.266606748239275
-0.2667994942292546
-0.2669898244855354
-0.26717776931050136
-0.26736335862637983
-0.2675466219799863
-0.26772758854741374
-0.26790628713864445
-0.26808274620212
-0.26825699382923057
-0.2684290577587771
-0.2685989653813706
-0.26876674374379106
-0.26893241955328184
-0.26909601918179654
-0.26925756867018463
-0.2694170937323275
-0.26957461975923297
-0.2697301718230795
-0.26988377468121194
-0.2700354527800824
-0.2701852302591471
-0.2703331309547052
-0.27047917840370717
-0.27062339584750505
-0.2707658062355619
-0.27090643222911565
-0.27104529620479795
-0.2711824202581988
-0.27131782620740363
-0.27145153559647056
-0.2715835696988775
-0.27171394952092404
-0.2718426958050819
-0.27196982903331834
-0.27209536943036333
-0.27221933696694806
-0.2723417513629971
-0.2724626320907847
-0.27258199837804603
-0.27269986921105716
-0.27281626333767045
-0.272931199270316
-0.2730446952889603
-0.2731567694440365
-0.27326743955933097
-0.27337672323483403
-0.27348463784956034
-0.2735912005643311
-0.27369642832451585
-0.2738003378627509
-0.2739029457016128
-0.2740042681562648
-0.27410432133707074
-0.2742031211521718
-0.2743006833100317
-0.27439702332195204
-0.27449215650455505
-0.2745860979822372
-0.27467886268958674
-0.2747704653737728
-0.27486092059690903
-0.27495024273838187
-0.27503844599715027
-0.27512554439402176
-0.27521155177389095
-0.27529648180795596
-0.27538034799590405
-0.27546316366807433
-0.2755449419875884
-0.2756256959524552
-0.2757054383976495
-0.27578418199716104
-0.27586193926602587
-0.27593872256232443
-0.2760145440891593
-0.2760894158966024
-0.27616334988362506
-0.27623635779999345
-0.2763084512481514
-0.27637964168507223
-0.27644994042408716
-0.27651935863669713
-0.2765879073543526
-0.27665559747021834
-0.27672243974090927
-0.27678844478821163
-0.2768536231007759
-0.27691798503579323
-0.2769815408206465
-0.2770443005545449
-0.27710627421013173
-0.2771674716350808
-0.2772279025536623
-0.27728757656829855
-0.2773465031610887
-0.27740469169532916
-0.2774621514170016
-0.2775188914562505
-0.2775749208288316
-0.27763024843756023
-0.2776848830737182
-0.27773883341846367
-0.27779210804420973
-0.27784471541599415
-0.27789666389282264
-0.27794796172900604
-0.2779986170754711
-0.27804863798105894
-0.27809803239380937
-0.27814680816222104
-0.27819497303651114
-0.2782425346698336
-0.278289500619512
-0.2783358783482341
-0.27838167522524077
-0.27842689852750047
-0.27847155544086494
-0.2785156530612138
-0.2785591983955832
-0.2786021983632764
-0.2786446597969706
-0.2786865894437966
-0.2787279939664181
-0.27876887994408706
-0.2788092538736907
-0.2788491221707836
-0.27888849117060505
-0.2789273671290911
-0.2789657562238648
-0.2790036645552166
-0.27904109814708056
-0.2790780629479827
-0.2791145648319904
-0.27915060959964466
-0.27918620297887975
-0.2792213506259341
-0.2792560581262511
-0.27929033099536094
-0.27932417467975784
-0.2793575945577667
-0.27939059594039556
-0.279423184072177
-0.27945536413200134
-0.2794871412339414
-0.2795185204280597
-0.2795495067012113
-0.27958010497783736
-0.2796103201207425
-0.27964015693186756
-0.27966962015305274
-0.27969871446678696
-0.279727444496954
-0.2797558148095638
-0.27978382991347434
-0.2798114942611128
-0.2798388122491739
-0.27986578821932184
-0.2798924264588788
-0.27991873120150146
-0.27994470662785365
-0.2799703568662719
-0.2799956859934163
-0.2800206980349155
-0.2800453969660085
-0.2800697867121742
-0.28009387114974876
-0.2801176541065456
-0.2801411393624599
-0.2801643306500673
-0.28018723165521187
-0.2802098460176006
-0.2802321773313671
-0.2802542291456501
-0.28027600496514987
-0.28029750825068894
-0.28031874241975574
-0.28033971084704806
-0.28036041686500957
-0.2803808637643549
-0.2804010547945893
-0.2804209931645286
-0.28044068204280226
-0.2804601245583606
-0.280479323800965
-0.28049828282168093
-0.2805170046333604
-0.2805354922111177
-0.2805537484928034
-0.28057177637946895
-0.2805895787358226
-0.28060715839068817
-0.2806245181374516
-0.2806416607345032
-0.28065858890567297
-0.2806753053406639
-0.280691812695478
-0.2807081135928375
-0.2807242106225991
-0.2807401063421633
-0.2807558032768838
-0.28077130392046407
-0.2807866107353528
-0.28080172615313753
-0.2808166525749222
-0.2808313923717165
-0.28084594788480655
-0.28086032142612644
-0.28087451527862867
-0.28088853169664
-0.2809023729062215
-0.28091604110552215
-0.28092953846512764
-0.28094286712840044
-0.2809560292118255
-0.2809690268053444
-0.28098186197268255
-0.28099453675168196
-0.2810070531546205
-0.2810194131685325
-0.2810316187555245
-0.2810436718530859
-0.281055574374397
-0.2810673282086317
-0.28107893522125776
-0.28109039725433305
-0.28110171612679763
-0.2811128936347617
-0.2811239315517931
-0.2811348316291966
-0.2811455955962933
-0.28115622516069344
-0.2811667220085701
-0.28117708780492695
-0.2811873241938595
-0.28119743279882115
-0.2812074152228757
-0.281217273048957
-0.28122700784011706
-0.28123662113977677
-0.2812461144719714
-0.28125548934159045
-0.28126474723461975
-0.2812738896183744
-0.2812829179417362
-0.2812918336353843
-0.2813006381120162
-0.2813093327665825
-0.2813179189764994
-0.2813263981018737
-0.2813347714857174
-0.28134304045416264
-0.2813512063166722
-0.2813592703662485
-0.2813672338796397
-0.28137509811754113
-0.28138286432479803
-0.281390533730603
-0.28139810754869554
-0.2814055869775495
-0.28141297320056885
-0.28142026738627385
-0.2814274706884896
-0.28143458424652823
-0.281441609185371
-0.2814485466158482
-0.2814553976348179
-0.28146216332533747
-0.2814688447568419
-0.28147544298530663
-0.2814819590534255
-0.28148839399076936
-0.28149474881395714
-0.2815010245268117
-0.2815072221205251
-0.2815133425738168
-0.2815193868530876
-0.281525355912575
-0.2815312506945077
-0.2815370721292539
-0.2815428211354709
-0.2815484986202541
-0.2815541054792789
-0.28155964259694516
-0.28156511084652125
-0.28157051109027925
-0.2815758441796374
-0.2815811109552933
-0.2815863122473622
-0.28159144887550597
-0.2815965216490666
-0.28160153136719396
-0.28160647881898054
-0.2816113647835763
-0.2816161900303252
-0.28162095531888026
-0.28162566139933143
-0.2816303090123208
-0.2816348988891656
-0.28163943175197176
-0.28164390831375447
-0.28164832927854894
-0.2816526953415237
-0.281657007189093
-0.2816612654990264
-0.28166547094056105
-0.2816696241745035
-0.2816737258533398
-0.281677776621338
-0.2816817771146549
-0.2816857279614342
-0.2816896297819106
-0.28169348318850934
-0.28169728878594175
-0.2817010471713067
-0.28170475893418273
-0.28170842465672435
-0.2817120449137556
-0.28171562027286484
-0.2817191512944914
-0.2817226385320195
-0.28172608253186676
-0.2817294838335703
-0.2817328429698755
-0.28173616046681954
-0.2817394368438184
-0.28174267261374936
-0.28174586828303444
-0.2817490243517219
-0.2817521413135629
-0.2817552196560963
-0.2817582598607261
-0.2817612624027943
-0.28176422775166443
-0.2817671563707936
-0.28177004871780614
-0.2817729052445693
-0.2817757263972634
-0.28177851261645687
-0.281781264337175
-0.28178398198897214
-0.28178666599600133
-0.2817893167770764
-0.2817919347457468
-0.2817945203103594
-0.2817970738741284
-0.2817995958351984
-0.28180208658670763
-0.28180454651685066
-0.28180697600894405
-0.2818093754414857
-0.2818117451882157
-0.28181408561817684
-0.2818163970957761
-0.2818186799808413
-0.28182093462867863
-0.281823161390133
-0.28182536061164115
-0.2818275326352872
-0.2818296777988588
-0.281831796435903
-0.2818338888757816
-0.28183595544371726
-0.281837996460854
-0.2818400122443008
-0.2818420031071893
-0.2818439693587206
-0.2818459113042162
-0.28184782924517
-0.28184972347928905
-0.2818515943005502
-0.2818534419992419
-0.28185526686201307
-0.28185706917191794
-0.28185884920846327
-0.2818606072476527
-0.28186234356202894
-0.28186405842072176
-0.28186575208948605
-0.2818674248307517
-0.2818690769036581
-0.2818707085641001
-0.2818723200647683
-0.28187391165519016
-0.28187548358176867
-0.2818770360878226
-0.2818785694136265
-0.2818800837964488
-0.2818815794705897
-0.2818830566674168
-0.2818845156154076
-0.2818859565401784
-0.2818873796645286
-0.2818887852084715
-0.2818901733892676
-0.2818915444214668
-0.28189289851693533
-0.2818942358848957
-0.28189555673195504
-0.2818968612621416
-0.28189814967693544
-0.2818994221753037
-0.28190067895372745
-0.28190192020623905
-0.2819031461244464
-0.2819043568975705
-0.281905552712471
-0.28190673375367814
-0.2819079002034215
-0.2819090522416594
-0.28191019004610673
-0.28191131379226586
-0.28191242365345026
-0.2819135198008174
-0.28191460240339283
-0.28191567162809644
-0.2819167276397719
-0.2819177706012098
-0.2819188006731773
-0.2819198180144394
-0.28192082278178887
-0.2819218151300662
-0.28192279521218805
-0.28192376317917406
-0.2819247191801591
-0.28192566336243113
-0.28192659587144625
-0.28192751685085493
-0.2819284264425234
-0.28192932478655724
-0.2819302120213226
-0.28193108828347074
-0.28193195370795326
-0.2819328084280513
-0.2819336525753898
-0.2819344862799667
-0.28193530967016506
-0.28193612287277736
-0.2819369260130252
-0.28193771921458005
-0.2819385025995787
-0.28193927628864845
-0.2819400404009236
-0.28194079505406183
-0.28194154036426566
-0.2819422764463003
-0.2819430034135109
-0.28194372137784174
-0.28194443044985357
-0.28194513073873745
-0.28194582235233895
-0.2819465053971683
-0.2819471799784213
-0.2819478461999949
-0.2819485041645037
-0.2819491539732917
-0.2819497957264575
-0.28195042952286253
-0.2819510554601469
-0.2819516736347486
-0.28195228414191437
-0.2819528870757211
-0.2819534825290803
-0.2819540705937617
-0.2819546513604052
-0.2819552249185322
-0.2819557913565634
-0.28195635076182907
-0.28195690322058675
-0.281957448818031
-0.2819579876383085
-0.2819585197645314
-0.2819590452787875
-0.281959564262157
-0.28196007679472374
-0.28196058295558635
-0.28196108282287313
-0.28196157647375114
-0.28196206398443857
-0.28196254543021965
-0.2819630208854528
-0.2819634904235858
-0.281963954117161
-0.28196441203783756
-0.28196486425638867
-0.28196531084272247
-0.28196575186589035
-0.281966187394097
-0.28196661749470925
-0.2819670422342703
-0.28196746167850895
-0.2819678758923458
-0.28196828493990905
-0.2819686888845395
-0.2819690877888045
-0.28196948171450514
-0.2819698707226853
-0.28197025487364297
-0.28197063422693736
-0.2819710088414021
-0.2819713787751485
-0.28197174408557824
-0.28197210482939034
-0.28197246106259344
-0.28197281284051035
-0.28197316021778773
-0.28197350324840514
-0.2819738419856828
-0.28197417648229184
-0.28197450679025726
-0.2819748329609712
-0.2819751550451976
-0.2819754730930815
-0.28197578715415467
-0.2819760972773487
-0.28197640351099484
-0.2819767059028369
-0.28197700450003704
-0.28197729934917815
-0.2819775904962808
-0.2819778779868039
-0.28197816186564995
-0.2819784421771756
-0.28197871896520044
-0.281978992273006
-0.2819792621433485
-0.2819795286184643
-0.28197979174007326
-0.2819800515493914
-0.28198030808713176
-0.281980561393511
-0.28198081150825566
-0.28198105847061183
-0.2819813023193468
-0.2819815430927554
-0.28198178082866965
-0.2819820155644594
-0.28198224733704075
-0.2819824761828819
-0.2819827021380069
-0.2819829252380029
-0.2819831455180226
-0.2819833630127954
-0.2819835777566258
-0.2819837897834018
-0.2819839991266012
-0.2819842058192952
-0.2819844098941524
-0.28198461138344566
-0.28198481031905664
-0.28198500673247817
-0.2819852006548206
-0.2819853921168191
-0.2819855811488347
-0.281985767780859
-0.2819859520425221
-0.2819861339630919
-0.28198631357148246
-0.28198649089625827
-0.2819866659656358
-0.28198683880748904
-0.28198700944935473
-0.2819871779184359
-0.2819873442416038
-0.28198750844540776
-0.28198767055606994
-0.2819878305994982
-0.28198798860128527
-0.28198814458671245
-0.28198829858075686
-0.28198845060809163
-0.2819886006930907
-0.2819887488598308
-0.2819888951321011
-0.2819890395333988
-0.2819891820869358
-0.2819893228156453
-0.28198946174218126
-0.2819895988889223
-0.28198973427797686
-0.2819898679311846
-0.2819899998701217
-0.28199013011610086
-0.2819902586901767
-0.28199038561314904
-0.28199051090556765
-0.2819906345877302
-0.2819907566796891
-0.28199087720125415
-0.2819909961719954
-0.281991113611243
-0.28199122953809486
-0.28199134397141673
-0.2819914569298461
-0.2819915684317955
-0.28199167849545187
-0.2819917871387811
-0.28199189437953337
-0.2819920002352423
-0.2819921047232294
-0.28199220786060586
-0.2819923096642744
-0.2819924101509337
-0.2819925093370799
-0.2819926072390078
-0.2819927038728154
-0.2819927992544023
-0.2819928933994796
-0.28199298632356556
-0.2819930780419895
-0.28199316856989587
-0.28199325792224395
-0.28199334611381055
-0.28199343315919445
-0.28199351907281606
-0.2819936038689236
-0.2819936875615852
-0.2819937701647067
-0.2819938516920163
-0.28199393215708163
-0.2819940115733031
-0.28199408995391695
-0.2819941673119994
-0.28199424366046816
-0.2819943190120813
-0.28199439337944443
-0.2819944667750082
-0.28199453921107115
-0.2819946106997845
-0.281994681253147
-0.2819947508830145
-0.2819948196010983
-0.2819948874189651
-0.2819949543480425
-0.2819950203996171
-0.28199508558483877
-0.2819951499147208
-0.28199521340014116
-0.28199527605184693
-0.2819953378804514
-0.28199539889644093
-0.2819954591101732
-0.2819955185318767
-0.28199557717165785
-0.2819956350394979
-0.28199569214525616
-0.2819957484986716
-0.28199580410936353
-0.2819958589868336
-0.2819959131404677
-0.2819959665795341
-0.28199601931319246
-0.2819960713504844
-0.2819961227003466
-0.28199617337159955
-0.2819962233729602
-0.2819962727130364
-0.281996321400331
-0.2819963694432425
-0.28199641685006727
-0.28199646362899594
-0.2819965097881218
-0.2819965553354369
-0.28199660027883394
-0.28199664462611074
-0.2819966883849697
-0.2819967315630166
-0.28199677416776253
-0.28199681620662587
-0.2819968576869352
-0.2819968986159266
-0.28199693900075173
-0.2819969788484683
-0.28199701816604683
-0.281997056960376
-0.2819970952382543
-0.28199713300639856
-0.2819971702714431
-0.28199720703994025
-0.28199724331835785
-0.2819972791130867
-0.2819973144304365
-0.28199734927663844
-0.28199738365784804
-0.2819974175801434
-0.2819974510495267
-0.28199748407192754
-0.28199751665319833
-0.2819975487991188
-0.2819975805154001
-0.2819976118076783
-0.28199764268152194
-0.2819976731424292
-0.2819977031958287
-0.28199773284708235
-0.28199776210148436
-0.2819977909642609
-0.2819978194405772
-0.2819978475355295
-0.2819978752541534
-0.2819979026014186
-0.28199792958223463
-0.28199795620144713
-0.28199798246384294
-0.2819980083741472
-0.28199803393702727
-0.2819980591570894
-0.2819980840388839
-0.28199810858690244
-0.28199813280558056
-0.2819981566992983
-0.28199818027237944
-0.28199820352909183
-0.2819982264736536
-0.28199824911022575
-0.2819982714429184
-0.2819982934757878
-0.2819983152128408
-0.2819983366580318
-0.28199835781526494
-0.2819983786883965
-0.2819983992812323
-0.2819984195975296
-0.2819984396409977
-0.2819984594152999
-0.2819984789240515
-0.2819984981708235
-0.28199851715913854
-0.28199853589247503
-0.2819985543742663
-0.2819985726079041
-0.28199859059673626
-0.28199860834406587
-0.28199862585315444
-0.28199864312722234
-0.28199866016944763
-0.28199867698296543
-0.2819986935708743
-0.2819987099362303
-0.28199872608205284
-0.28199874201131897
-0.2819987577269703
-0.2819987732319084
-0.2819987885289956
-0.28199880362106217
-0.28199881851089537
-0.2819988332012538
-0.28199884769485367
-0.2819988619943789
-0.2819988761024778
-0.2819988900217654
-0.28199890375481984
-0.28199891730418647
-0.28199893067238035
-0.2819989438618814
-0.28199895687513654
-0.2819989697145632
-0.2819989823825431
