3.0265557491256945e-06
3.026477685275402e-06
3.0113074599393688e-06
3.0127793646805176e-06
3.0330369435435087e-06
3.0498141717427177e-06
3.0507968983744526e-06
3.039551809001156e-06
3.0279143889147443e-06
3.0244744473083756e-06
3.029000431268622e-06
3.0352540991119155e-06
3.037539231798449e-06
-0.0022007476337638663
-0.007194102694279062
-0.012161349813290551
-0.017060778867348747
-0.021830833696063034
-0.026485560370968754
-0.031114846580562756
-0.03576391501826732
-0.04040665019762282
-0.04498109958350005
-0.04944652494135681
-0.05381226050304924
-0.058120942079333465
-0.06240849128035657
-0.06667734785469501
-0.07090167398317707
-0.07505407035906518
-0.07912826010043482
-0.08314045091206286
-0.08711249414528235
-0.09105385676916135
-0.09495701478250619
-0.09880729727225732
-0.10259648522192628
-0.10632858096957613
-0.11001468821287881
-0.1136632295903502
-0.11727422253596378
-0.12084138125842371
-0.12435882800208066
-0.12782615189400887
-0.1312481039303567
-0.13463022727247365
-0.13797471035489844
-0.14127972866581456
-0.1445421136178
-0.14776056310857233
-0.15093434350705354
-0.15406744179069753
-0.1571656903791755
-0.16023654432852175
-0.16327503846356797
-0.16627472602966964
-0.16922831323288784
-0.17214587803060563
-0.17502853298928375
-0.17787343575242776
-0.18068411154120365
-0.18345903699625837
-0.1861912406308454
-0.18887473194109156
-0.19151597141631094
-0.19414013344893555
-0.1967592448415128
-0.1993484100969807
-0.2018837142665079
-0.20437385091382565
-0.20683912168244178
-0.20927503834111452
-0.21168924110450757
-0.21407504631032842
-0.21642579013810048
-0.2187484132212614
-0.22103460342412226
-0.22329720789966073
-0.22552959991550256
-0.2277408417061538
-0.22992240417260856
-0.2320731621654807
-0.23419986578819674
-0.23629862410251942
-0.23837314422476233
-0.24042088953342827
-0.24244300556253
-0.24444229210139484
-0.2464157290007846
-0.24836091972860166
-0.2502795848080362
-0.252177403078792
-0.2540557490335051
-0.2559117299496457
-0.25774175890725054
-0.2595449256644476
-0.2613254856108506
-0.26308571438194667
-0.264826233260343
-0.2665464452330366
-0.26824526053622666
-0.26992102410499885
-0.2715727458411888
-0.2732024591255656
-0.27481261540773927
-0.27640560150120275
-0.2779794593210856
-0.279532242199651
-0.28106408041940295
-0.28257585560370385
-0.2840695066546045
-0.2855452807072202
-0.2870040606339199
-0.28844417885298007
-0.28986547643550337
-0.2912678092375521
-0.2926523164414242
-0.2940207419556506
-0.295373353456453
-0.29670942634919734
-0.29802781035286585
-0.2993283427219489
-0.3006116671999912
-0.3018794421002204
-0.303132366783729
-0.30437055986886735
-0.3055927895381929
-0.3067990861721678
-0.3079902220331611
-0.3091664034633853
-0.31032818279776037
-0.3114757469125167
-0.3126088730028698
-0.313727644862726
-0.31483176682690417
-0.31592171676292824
-0.31699867684583377
-0.3180631539346092
-0.31911457170678076
-0.3201527840493022
-0.3211768476992806
-0.3221874219308824
-0.32318506732425745
-0.324171155761337
-0.32514549844086954
-0.32610786859701
-0.3270576058541571
-0.32799482866558116
-0.3289201641443102
-0.32983417664100817
-0.33073707020777726
-0.33162883329504134
-0.3325093211161997
-0.33337859020832195
-0.33423682155132967
-0.33508452370780584
-0.33592173655741814
-0.33674834720897623
-0.33756443044867995
-0.33837023983985515
-0.33916582189075756
-0.3399516618837989
-0.3407277391546215
-0.34149420299774463
-0.34225114390400896
-0.34299862104452256
-0.34373669885355
-0.34446548847200636
-0.3451851433808471
-0.3458958207730847
-0.3465976459827773
-0.3472907078091656
-0.3479750828839455
-0.34865086442004534
-0.3493181716067296
-0.34997713557721066
-0.3506278772758912
-0.3512704962981843
-0.3519050776683172
-0.3525317080073552
-0.3531504865730044
-0.35376152328981814
-0.3543649276295527
-0.3549607988082645
-0.3555492248866678
-0.35613028994901796
-0.356704082251515
-0.3572706966988807
-0.3578302306756155
-0.35838277771308913
-0.35892842441612816
-0.35946725253948975
-0.3599993283864965
-0.3605247380604745
-0.36104358083364346
-0.36155594086752313
-0.3620619006129564
-0.36256154147363673
-0.36305494371333835
-0.3635421862840956
-0.36402334678161385
-0.3644985015610707
-0.36496772593127036
-0.3654310943013718
-0.3658886802075303
-0.3663405562465465
-0.3667867940060147
-0.3672274640630046
-0.367662636053314
-0.36809237875512607
-0.3685167601283399
-0.36893584729584666
-0.36934970650132704
-0.36975840309047114
-0.37016200153541706
-0.37056056548411714
-0.37095415779969193
-0.3713428405689572
-0.3717266750875989
-0.37210572184658625
-0.3724800405388367
-0.3728496900853398
-0.37321472866437244
-0.37357521372782304
-0.373931202001802
-0.37428274948168827
-0.37462991143419555
-0.37497274241095996
-0.37531129626793147
-0.3756456261812545
-0.37597578465486536
-0.37630182352261854
-0.37662379395159334
-0.37694174645095097
-0.37725573088539066
-0.3775657964886854
-0.3778719918736186
-0.37817436503825436
-0.37847296337138925
-0.37876783366009614
-0.3790590220998545
-0.3793465743055363
-0.37963053532107227
-0.37991094962704935
-0.38018786114721803
-0.3804613132554318
-0.3807313487837516
-0.3809980100312256
-0.381261338772276
-0.38152137626408683
-0.38177816325315467
-0.38203173998171996
-0.3822821461945686
-0.3825294211462191
-0.38277360360803125
-0.3830147318748743
-0.38325284377129093
-0.3834879766574189
-0.3837201674349587
-0.38394945255328855
-0.38417586801557435
-0.38439944938469683
-0.38462023178889154
-0.3848382499271789
-0.3850535380747346
-0.3852661300882656
-0.38547605941137497
-0.38568335907984563
-0.38588806172675255
-0.38609019958743207
-0.38628980450435496
-0.38648690793196083
-0.38668154094145074
-0.3868737342255268
-0.3870635181030368
-0.3872509225235148
-0.3874359770716214
-0.38761871097154565
-0.3877991530913407
-0.38797733194722606
-0.38815327570781455
-0.38832701219827154
-0.38849856890439183
-0.3886679729766328
-0.38883525123408064
-0.389000430168394
-0.389163535947677
-0.3893245944203094
-0.38948363111871803
-0.3896406712630829
-0.389795739765023
-0.3899488612312203
-0.39010005996700886
-0.390249359979927
-0.39039678498321306
-0.3905423583992568
-0.39068610336302473
-0.3908280427254299
-0.39096819905667607
-0.39110659464956893
-0.39124325152277173
-0.39137819142404306
-0.3915114358334217
-0.39164300596638957
-0.3917729227769926
-0.3919012069609332
-0.39202787895863184
-0.3921529589582451
-0.39227646689865603
-0.39239842247243456
-0.39251884512876434
-0.3926377540763369
-0.39275516828622065
-0.39287110649469
-0.3929855872060272
-0.3930986286953004
-0.39321024901110024
-0.39332046597825676
-0.393429297200523
-0.3935367600632263
-0.3936428717358987
-0.3937476491748673
-0.3938511091258304
-0.39395326812639186
-0.3940541425085783
-0.39415374840132
-0.39425210173291
-0.39434921823343233
-0.39444511343716987
-0.394539802684977
-0.3946333011266323
-0.3947256237231577
-0.3948167852491223
-0.3949068002949138
-0.3949956832689788
-0.3950834484000524
-0.39517010973934863
-0.3952556811627289
-0.3953401763728579
-0.3954236089013194
-0.3955059921107161
-0.3955873391967405
-0.39566766319022634
-0.3957469769591763
-0.3958252932107638
-0.39590262449331143
-0.39597898319825064
-0.39605438156205264
-0.3961288316681403
-0.39620234544877936
-0.3962749346869408
-0.3963466110181515
-0.3964173859323084
-0.3964872707754892
-0.3965562767517279
-0.3966244149247715
-0.39669169621982087
-0.39675813142524724
-0.396823731194286
-0.3968885060467184
-0.3969524663705213
-0.39701562242350535
-0.3970779843349271
-0.39713956210709406
-0.397200365616931
-0.39726040461754863
-0.39731968873977247
-0.39737822749367047
-0.3974360302700453
-0.3974931063419251
-0.39754946486602605
-0.39760511488419725
-0.39766006532485104
-0.3977143250043737
-0.397767902628519
-0.3978208067937844
-0.39787304598876944
-0.3979246285955197
-0.397975562890855
-0.39802585704767646
-0.39807551913625827
-0.39812455712552725
-0.39817297888432157
-0.39822079218263895
-0.39826800469286744
-0.39831462399099454
-0.3983606575578155
-0.3984061127801121
-0.3984509969518222
-0.3984953172751988
-0.3985390808619467
-0.3985822947343539
-0.3986249658264021
-0.3986671009848665
-0.39870870697039884
-0.3987497904586002
-0.3987903580410816
-0.39883041622650456
-0.39886997144161973
-0.39890903003228206
-0.3989475982644575
-0.3989856823252198
-0.3990232883237296
-0.399060422292205
-0.39909709018688033
-0.39913329788895513
-0.39916905120552076
-0.3992043558704904
-0.39923921754550484
-0.39927364182083525
-0.39930763421627197
-0.3993412001820019
-0.39937434509947656
-0.3994070742822683
-0.3994393929769162
-0.39947130636375705
-0.39950281955775957
-0.3995339376093297
-0.3995646655051244
-0.39959500816884086
-0.39962497046200773
-0.39965455718475007
-0.39968377307656583
-0.39971262281707975
-0.39974111102679144
-0.3997692422678125
-0.3997970210445966
-0.3998244518046587
-0.39985153893928854
-0.3998782867842517
-0.39990469962048814
-0.39993078167479124
-0.3999565371204936
-0.3999819700781292
-0.4000070846160977
-0.40003188475131585
-0.40005637444986564
-0.40008055762762745
-0.4001044381509122
-0.4001280198370821
-0.40015130645516545
-0.4001743017264603
-0.40019700932513586
-0.4002194328788274
-0.4002415759692154
-0.4002634421326074
-0.4002850348605045
-0.40030635760016675
-0.4003274137551692
-0.4003482066859524
-0.4003687397103675
-0.40038901610420874
-0.40040903910174325
-0.4004288118962371
-0.4004483376404716
-0.4004676194472501
-0.4004866603899099
-0.40050546350281285
-0.4005240317818391
-0.4005423681848766
-0.4005604756322973
-0.40057835700743477
-0.40059601515704724
-0.40061345289178324
-0.40063067298663807
-0.40064767818140584
-0.4006644711811249
-0.40068105465651616
-0.40069743124441787
-0.4007136035482144
-0.4007295741382636
-0.40074534555231256
-0.400760920295912
-0.40077630084282273
-0.4007914896354212
-0.40080648908509847
-0.4008213015726496
-0.40083592944866653
-0.4008503750339202
-0.400864640619738
-0.4008787284683788
-0.4008926408134026
-0.40090637986003375
-0.4009199477855253
-0.40093334673951136
-0.40094657884435936
-0.4009596461955169
-0.4009725508618531
-0.40098529488599916
-0.40099788028467886
-0.40101030904904683
-0.40102258314500294
-0.40103470451352136
-0.40104667507096686
-0.4010584967094068
-0.4010701712969219
-0.4010817006779107
-0.4010930866733929
-0.40110433108131033
-0.4011154356768148
-0.40112640221256246
-0.40113723241900007
-0.4011479280046482
-0.4011584906563831
-0.4011689220397078
-0.40117922379903237
-0.40118939755793637
-0.4011994449194375
-0.4012093674662516
-0.4012191667610559
-0.40122884434674355
-0.40123840174667513
-0.4012478404649289
-0.4012571619865435
-0.40126636777776714
-0.40127545928629216
-0.4012844379414953
-0.40129330515467115
-0.4013020623192625
-0.401310710811089
-0.40131925198857005
-0.4013276871929494
-0.4013360177485128
-0.4013442449628046
-0.4013523701268444
-0.40136039451533595
-0.4013683193868768
-0.4013761459841612
-0.40138387553418525
-0.401391509248446
-0.4013990483231419
-0.4014064939393674
-0.40141384726330487
-0.4014211094464127
-0.40142828162562
-0.4014353649235062
-0.4014423604484846
-0.4014492692949872
-0.4014560925436413
-0.4014628312614433
-0.40146948650193515
-0.4014760593053755
-0.4014825506989102
-0.40148896169673903
-0.4014952933002792
-0.4015015464983308
-0.4015077222672394
-0.40151382157104654
-0.40151984536165913
-0.4015257945789933
-0.4015316701511365
-0.40153747299449044
-0.401543204013923
-0.4015488641029169
-0.4015544541437151
-0.4015599750074613
-0.40156542755434177
-0.4015708126337296
-0.40157613108431767
-0.4015813837342541
-0.4015865714012802
-0.40159169489286195
-0.40159675500632
-0.401601752528959
-0.4016066882381991
-0.4016115629016931
-0.4016163772774629
-0.40162113211400813
-0.40162582815043657
-0.4016304661165814
-0.4016350467331211
-0.4016395707116985
-0.4016440387550256
-0.4016484515570042
-0.40165280980283685
-0.4016571141691372
-0.4016613653240421
-0.401665563927317
-0.40166971063046125
-0.4016738060768125
-0.40167785090165203
-0.4016818457323099
-0.40168579118826064
-0.40168968788122933
-0.401693536415283
-0.40169733738693325
-0.4017010913852298
-0.401704798991854
-0.40170846078121525
-0.4017120773205417
-0.4017156491699731
-0.4017191768826471
-0.401722661004792
-0.40172610207581
-0.4017295006283706
-0.40173285718848667
-0.40173617227560804
-0.4017394464027001
-0.40174268007632385
-0.4017458737967211
-0.4017490280578937
-0.40175214334767984
-0.40175522014783666
-0.4017582589341121
-0.4017612601763265
-0.4017642243384425
-0.4017671518786416
-0.40177004324939625
-0.4017728988975448
-0.40177571926435657
-0.40177850478561195
-0.4017812558916646
-0.4017839730075091
-0.4017866565528545
-0.40178930694218434
-0.40179192458482854
-0.4017945098850252
-0.4017970632419864
-0.401799585049961
-0.40180207569829535
-0.4018045355715003
-0.4018069650493066
-0.40180936450672794
-0.401811734314121
-0.40181407483724274
-0.4018163864373069
-0.4018186694710444
-0.40182092429076144
-0.40182315124438805
-0.4018253506755396
-0.401827522923569
-0.4018296683236192
-0.4018317872066793
-0.4018338798996342
-0.4018359467253162
-0.4018379880025565
-0.4018400040462367
-0.40184199516733754
-0.40184396167298586
-0.4018459038665071
-0.40184782204747055
-0.40184971651173645
-0.4018515875515041
-0.40185343545535424
-0.4018552605082967
-0.4018570629918191
-0.40185884318392556
-0.401860601359182
-0.40186233778875985
-0.40186405274047765
-0.40186574647884254
-0.4018674192650953
-0.4018690713572479
-0.40187070301012445
-0.4018723144754021
-0.4018739060016501
-0.4018754778343664
-0.40187703021601995
-0.40187856338608613
-0.4018800775810839
-0.4018815730346175
-0.401883049977406
-0.40188450863732106
-0.40188594923942667
-0.4018873720060096
-0.40188877715661525
-0.40189016490808555
-0.40189153547458656
-0.4018928890676468
-0.4018942258961872
-0.4018955461665548
-0.4018968500825556
-0.40189813784548617
-0.4018994096541613
-0.4019006657049497
-0.4019019061918018
-0.40190313130628097
-0.4019043412375928
-0.40190553617261454
-0.4019067162959232
-0.401907881789826
-0.40190903283438645
-0.4019101696074548
-0.40191129228469313
-0.40191240103960374
-0.40191349604355625
-0.40191457746581355
-0.4019156454735555
-0.4019167002319133
-0.401917741903982
-0.40191877065085535
-0.40191978663165007
-0.4019207900035252
-0.40192178092171205
-0.40192275953953416
-0.4019237260084311
-0.40192468047798574
-0.40192562309593893
-0.40192655400822497
-0.401927473358982
-0.40192838129058217
-0.4019292779436483
-0.4019301634570785
-0.4019310379680644
-0.40193190161211617
-0.4019327545230819
-0.40193359683316937
-0.40193442867296225
-0.4019352501714425
-0.40193606145601257
-0.40193686265250955
-0.4019376538852297
-0.4019384352769448
-0.4019392069489226
-0.40193996902094253
-0.4019407216113165
-0.40194146483690507
-0.40194219881313953
-0.4019429236540345
-0.40194363947220785
-0.40194434637889553
-0.40194504448397295
-0.40194573389596894
-0.4019464147220811
-0.4019470870681957
-0.4019477510389018
-0.40194840673750387
-0.40194905426604455
-0.4019496937253175
-0.4019503252148784
-0.40195094883306476
-0.4019515646770101
-0.40195217284265755
-0.4019527734247775
-0.4019533665169769
-0.40195395221171804
-0.40195453060032943
-0.40195510177302346
-0.4019556658189059
-0.4019562228259922
-0.40195677288122095
-0.4019573160704641
-0.4019578524785422
-0.401958382189241
-0.40195890528531514
-0.401959421848511
-0.40195993195956886
-0.4019604356982442
-0.4019609331433153
-0.401961424372594
-0.4019619094629404
-0.40196238849027366
-0.4019628615295839
-0.401963328654944
-0.40196378993951604
-0.4019642454555664
-0.40196469527448087
-0.40196513946676693
-0.40196557810207284
-0.4019660112491884
-0.40196643897606515
-0.40196686134981974
-0.40196727843674845
-0.4019676903023336
-0.4019680970112574
-0.4019684986274093
-0.4019688952138961
-0.4019692868330511
-0.4019696735464425
-0.40197005541488556
-0.4019704324984492
-0.4019708048564686
-0.4019711725475513
-0.4019715356295858
-0.40197189415975015
-0.4019722481945208
-0.4019725977896856
-0.4019729430003447
-0.40197328388092507
-0.4019736204851861
-0.40197395286622817
-0.40197428107649946
-0.40197460516780525
-0.40197492519131445
-0.40197524119756917
-0.40197555323649237
-0.4019758613573941
-0.401976165608979
-0.4019764660393545
-0.40197676269603616
-0.4019770556259578
-0.40197734487547643
-0.40197763049037943
-0.4019779125158953
-0.40197819099669274
-0.4019784659768954
-0.40197873750008367
-0.4019790056093011
-0.4019792703470632
-0.40197953175536455
-0.40197978987568456
-0.4019800447489892
-0.4019802964157425
-0.4019805449159122
-0.4019807902889736
-0.40198103257391915
-0.4019812718092595
-0.4019815080330291
-0.4019817412827977
-0.40198197159567156
-0.40198219900830207
-0.40198242355688824
-0.40198264527718586
-0.40198286420450635
-0.4019830803737287
-0.401983293819302
-0.4019835045752502
-0.4019837126751821
-0.4019839181522882
-0.40198412103935083
-0.4019843213687492
-0.40198451917246214
-0.40198471448207607
-0.4019849073287873
-0.4019850977434068
-0.40198528575636494
-0.4019854713977173
-0.40198565469715025
-0.4019858356839811
-0.4019860143871675
-0.4019861908353077
-0.40198636505664814
-0.4019865370790853
-0.4019867069301738
-0.4019868746371249
-0.4019870402268142
-0.4019872037257841
-0.40198736516025035
-0.40198752455610587
-0.40198768193892104
-0.4019878373339512
-0.40198799076613745
-0.40198814226011603
-0.40198829184021445
-0.40198843953046026
-0.40198858535458576
-0.4019887293360252
-0.4019888714979254
-0.4019890118631447
-0.4019891504542594
-0.4019892872935656
-0.4019894224030832
-0.40198955580456014
-0.4019896875194737
-0.40198981756903307
-0.4019899459741857
-0.4019900727556188
-0.40199019793376434
-0.40199032152879854
-0.4019904435606489
-0.40199056404899197
-0.4019906830132641
-0.4019908004726576
-0.4019909164461269
-0.40199103095239125
-0.4019911440099344
-0.40199125563701477
-0.40199136585166106
-0.4019914746716769
-0.4019915821146456
-0.4019916881979301
-0.40199179293867965
-0.40199189635382815
-0.4019919984600993
-0.4019920992740058
-0.4019921988118591
-0.4019922970897629
-0.40199239412362486
-0.4019924899291515
-0.4019925845218523
-0.40199267791704413
-0.4019927701298513
-0.4019928611752111
-0.40199295106787536
-0.4019930398224109
-0.4019931274532022
-0.4019932139744534
-0.4019932994001906
-0.40199338374426624
-0.40199346702035815
-0.4019935492419747
-0.40199363042245456
-0.40199371057496774
-0.4019937897125214
-0.40199386784796043
-0.40199394499396635
-0.40199402116306404
-0.4019940963676213
-0.40199417061984904
-0.4019942439318081
-0.4019943163154045
-0.40199438778239877
-0.4019944583443999
-0.40199452801287594
-0.4019945967991466
-0.4019946647143922
-0.4019947317696512
-0.4019947979758267
-0.40199486334367995
-0.4019949278838386
-0.4019949916067993
-0.40199505452292306
-0.4019951166424439
-0.40199517797546674
-0.40199523853196656
-0.4019952983217936
-0.40199535735467745
-0.40199541564022195
-0.40199547318791173
-0.40199553000711225
-0.40199558610706987
-0.4019956414969121
-0.401995696185656
-0.40199575018220235
-0.401995803495342
-0.40199585613375244
-0.40199590810600133
-0.4019959594205497
-0.4019960100857526
-0.4019960601098578
-0.4019961095010106
-0.4019961582672524
-0.401996206416523
-0.401996253956662
-0.4019963008954103
-0.4019963472404108
-0.4019963929992087
-0.4019964381792576
-0.40199648278791256
-0.40199652683243764
-0.4019965703200027
-0.40199661325769026
-0.40199665565249065
-0.4019966975113083
-0.4019967388409577
-0.4019967796481669
-0.40199681993958053
-0.4019968597217574
-0.4019968990011767
-0.401996937784231
-0.40199697607723367
-0.40199701388641773
-0.4019970512179381
-0.40199708807787055
-0.40199712447221475
-0.40199716040689454
-0.4019971958877561
-0.40199723092057305
-0.4019972655110462
-0.4019972996648024
-0.4019973333874002
-0.40199736668432356
-0.4019973995609905
-0.4019974320227458
-0.4019974640748687
-0.4019974957225725
-0.4019975269710025
-0.40199755782524094
-0.4019975882903014
-0.40199761837113795
-0.40199764807263855
-0.4019976773996288
-0.4019977063568752
-0.40199773494908253
-0.40199776318089525
-0.40199779105690125
-0.4019978185816235
-0.4019978457595342
-0.40199787259504494
-0.40199789909251243
-0.4019979252562376
-0.4019979510904661
-0.4019979765993908
-0.40199800178714995
-0.40199802665782985
-0.4019980512154634
-0.4019980754640312
-0.4019980994074667
-0.40199812304964877
-0.40199814639441045
-0.40199816944553574
-0.4019981922067578
-0.4019982146817635
-0.4019982368741917
-0.4019982587876369
-0.40199828042564606
-0.4019983017917223
-0.40199832288932125
-0.4019983437218566
-0.40199836429269775
