3.1715694155156203e-06
3.1716355457388375e-06
3.1145492919832292e-06
3.122343269376955e-06
3.1875944465108843e-06
3.2402305753632064e-06
3.2425220092367334e-06
3.206877169642784e-06
3.1709587827368395e-06
3.1613520779648303e-06
3.176625406514509e-06
3.19680990752342e-06
3.204159959646229e-06
3.196008297190281e-06
3.182282772571101e-06
3.1741696801977307e-06
3.1752163402191737e-06
3.1809184234546224e-06
3.1845628835678086e-06
3.183002875093847e-06
3.1779862828453972e-06
-0.0005507931707716802
-0.002122567779561753
-0.004250209825087999
-0.006112432511303829
-0.007248918665613993
-0.007856557019481234
-0.008503161558700576
-0.009601794653892905
-0.011112041387558055
-0.012661677546923707
-0.013908943834417003
-0.01480921168398187
-0.015592215905205712
-0.01652498951371904
-0.017691727212909063
-0.018962771616838455
-0.02014022627719638
-0.021129326670320643
-0.02199384554561931
-0.022874169621366923
-0.023860399406203648
-0.02493051737200028
-0.025990130886506705
-0.02696211341794849
-0.02784483877655121
-0.02869874322975244
-0.029586032055146004
-0.03052083584220994
-0.0314675156720634
-0.03237899720684257
-0.03323668199138949
-0.03405978951995374
-0.03488269249942928
-0.035724623537667505
-0.03657742108454198
-0.037417540467770356
-0.038227971431922095
-0.03901062538747046
-0.039781185284171475
-0.040553980507935565
-0.041330919812510115
-0.042102514116137996
-0.042857791750587036
-0.04359344193756525
-0.044315041410033285
-0.045030944829529324
-0.04574516089120384
-0.04645510067755761
-0.04715503584482451
-0.04784138021838095
-0.04851521758933299
-0.04918059968640214
-0.049840808556202605
-0.050495971904300344
-0.05114367001039327
-0.05178145698473106
-0.05240890069190822
-0.0530276053070286
-0.05363960028563503
-0.054245711278945175
-0.05484522044124053
-0.05543682852184651
-0.05601988545059228
-0.056594849808810396
-0.05716276683926254
-0.05772438428429709
-0.05827968843852339
-0.05882814441863366
-0.059369301346856126
-0.05990320172972166
-0.06043030907939685
-0.06095111409587125
-0.0614658029231784
-0.06197423922352405
-0.062476206572152984
-0.06297166105679679
-0.06346079017617366
-0.06394387346042996
-0.06442109965539551
-0.06489249595240434
-0.0653580009972671
-0.06581759164225141
-0.06627135045745404
-0.06671943329985178
-0.06716198493523919
-0.06759908146829748
-0.0680307395497032
-0.06845697033339801
-0.06887782540410756
-0.06929339988038995
-0.06970379955280895
-0.07010910598404384
-0.07050936774816542
-0.07090461916604333
-0.07129490580736418
-0.07168029509508471
-0.07206086673579175
-0.07243669477038486
-0.0728078371983019
-0.07317433983348075
-0.07353624844015662
-0.07389361787796939
-0.07424651163216012
-0.07459499402344336
-0.07493912270993208
-0.07527894735841452
-0.07561451434404659
-0.07594587261001626
-0.07627307584330009
-0.07659617995730622
-0.0769152387689119
-0.0772303016389354
-0.0775414145880772
-0.07784862337138244
-0.07815197572456775
-0.07845152116175519
-0.07874730893860624
-0.07903938613733533
-0.07932779738034236
-0.07961258611578939
-0.07989379617948628
-0.08017147234772093
-0.08044565962561273
-0.08071640206699437
-0.08098374215486204
-0.08124772114394443
-0.08150837992895107
-0.08176575965822419
-0.08201990165136365
-0.08227084681218928
-0.08251863509872322
-0.08276330546903168
-0.08300489626823956
-0.08324344567444394
-0.0834789918396917
-0.0837115726691902
-0.08394122548183434
-0.08416798684864049
-0.08439189271187486
-0.08461297864450716
-0.08483128002076495
-0.08504683197913208
-0.08525966924629307
-0.08546982599063518
-0.08567733582137639
-0.0858822319123515
-0.0860845471326128
-0.08628431408052253
-0.08648156501324278
-0.08667633174920333
-0.08686864562972617
-0.08705853756370954
-0.08724603810821174
-0.0874311775167729
-0.08761398572476468
-0.08779449229705845
-0.08797272638942401
-0.08814871675537732
-0.08832249178815577
-0.08849407956087818
-0.08866350783550911
-0.08883080404137314
-0.08899599524839291
-0.08915910816033343
-0.08932016913297834
-0.08947920420117568
-0.08963623909418818
-0.08979129923157211
-0.08994440970885544
-0.0900955952889893
-0.09024488040827806
-0.0903922891923866
-0.09053784547053548
-0.09068157277942679
-0.09082349435806182
-0.09096363314183083
-0.091102011763451
-0.09123865256161455
-0.09137357759178952
-0.09150680863278124
-0.09163836718705844
-0.09176827447823883
-0.09189655145085646
-0.09202321877488846
-0.09214829685326349
-0.09227180582842846
-0.09239376558542067
-0.09251419575208186
-0.09263311569927235
-0.09275054454348368
-0.0928665011519222
-0.09298100414811665
-0.09309407191595993
-0.09320572260165996
-0.0933159741148313
-0.09342484413045245
-0.0935323500924265
-0.09363850921808221
-0.09374333850222592
-0.09384685471996902
-0.09394907442857955
-0.09405001396937199
-0.09414968947044029
-0.09424811685021414
-0.09434531182113093
-0.09444128989271443
-0.09453606637389861
-0.09462965637505186
-0.09472207481030653
-0.09481333640043284
-0.09490345567601295
-0.09499244698042693
-0.09508032447235648
-0.09516710212793672
-0.09525279374290173
-0.09533741293501799
-0.0954209731467821
-0.09550348764815146
-0.09558496953902441
-0.09566543175142364
-0.0957448870515534
-0.09582334804194198
-0.09590082716377105
-0.09597733669929293
-0.09605288877415342
-0.09612749535952728
-0.09620116827409331
-0.09627391918598965
-0.0963457596148528
-0.09641670093394472
-0.09648675437226933
-0.09655593101658225
-0.09662424181326629
-0.09669169757014985
-0.09675830895832828
-0.09682408651404477
-0.09688904064058323
-0.09695318161012074
-0.09701651956548711
-0.09707906452185164
-0.09714082636838506
-0.09720181486993049
-0.0972620396687047
-0.09732151028597072
-0.09738023612366722
-0.09743822646597508
-0.09749549048083751
-0.09755203722147382
-0.09760787562790228
-0.09766301452845012
-0.0977174626412473
-0.09777122857566707
-0.09782432083373013
-0.09787674781148072
-0.09792851780036295
-0.09797963898858862
-0.09803011946249132
-0.09807996720785297
-0.09812919011119345
-0.09817779596103582
-0.09822579244915475
-0.09827318717182223
-0.0983199876310329
-0.09836620123572128
-0.0984118353029514
-0.09845689705907466
-0.0985013936408755
-0.09854533209670323
-0.09858871938759384
-0.09863156238838304
-0.09867386788879316
-0.09871564259450763
-0.098756893128216
-0.09879762603065777
-0.0988378477616441
-0.09887756470107809
-0.09891678314995496
-0.09895550933134799
-0.0989937493913744
-0.09903150940015643
-0.09906879535275549
-0.09910561317011364
-0.09914196869996839
-0.09917786771776547
-0.09921331592754684
-0.09924831896283651
-0.09928288238751026
-0.09931701169664948
-0.09935071231739233
-0.09938398960977174
-0.09941684886754042
-0.09944929531898328
-0.09948133412772489
-0.0995129703935159
-0.09954420915302137
-0.09957505538059257
-0.09960551398902952
-0.09963558983033588
-0.09966528769646066
-0.09969461232003414
-0.09972356837508917
-0.09975216047777934
-0.09978039318708487
-0.09980827100551272
-0.09983579837977989
-0.09986297970149935
-0.09988981930784932
-0.09991632148223498
-0.09994249045494845
-0.09996833040380874
-0.0999938454548081
-0.10001903968273874
-0.10004391711181927
-0.10006848171630825
-0.10009273742111274
-0.10011668810239016
-0.10014033758813866
-0.10016368965878919
-0.10018674804777986
-0.10020951644213197
-0.10023199848301183
-0.1002541977662901
-0.10027611784309476
-0.10029776222035469
-0.10031913436134235
-0.10034023768619864
-0.10036107557246496
-0.10038165135560032
-0.10040196832949398
-0.10042202974697606
-0.10044183882031316
-0.1004613987217067
-0.10048071258378401
-0.10049978350007675
-0.10051861452550521
-0.10053720867684232
-0.10055556893318862
-0.10057369823642737
-0.1005915994916819
-0.10060927556776399
-0.1006267292976242
-0.10064396347878389
-0.1006609808737739
-0.10067778421056366
-0.10069437618298481
-0.10071075945114957
-0.10072693664186622
-0.10074291034904607
-0.10075868313410893
-0.10077425752638573
-0.10078963602350818
-0.10080482109180477
-0.1008198151666808
-0.1008346206530024
-0.10084923992547352
-0.10086367532900672
-0.1008779291790935
-0.10089200376216333
-0.10090590133594575
-0.10091962412982328
-0.10093317434518442
-0.10094655415576881
-0.10095976570800981
-0.10097281112137166
-0.10098569248868557
-0.10099841187647424
-0.10101097132528856
-0.10102337285002226
-0.10103561844023057
-0.10104771006044957
-0.1010596496505029
-0.10107143912581164
-0.10108308037769323
-0.10109457527366919
-0.10110592565775442
-0.10111713335075558
-0.10112820015055712
-0.10113912783240482
-0.10114991814919212
-0.10116057283173677
-0.10117109358906136
-0.1011814821086592
-0.10119174005676554
-0.10120186907862351
-0.10121187079874461
-0.10122174682117385
-0.10123149872973987
-0.10124112808831019
-0.10125063644104142
-0.10126002531262604
-0.10126929620853413
-0.10127845061525843
-0.10128749000055078
-0.10129641581365532
-0.10130522948554262
-0.10131393242913689
-0.10132252603954577
-0.10133101169428045
-0.10133939075348089
-0.10134766456013197
-0.10135583444027717
-0.1013639017032337
-0.10137186764180177
-0.10137973353247524
-0.1013875006356438
-0.1013951701957974
-0.10140274344172225
-0.10141022158670503
-0.10141760582872218
-0.10142489735063695
-0.10143209732038712
-0.10143920689117518
-0.10144622720165115
-0.10145315937609833
-0.10146000452461536
-0.10146676374329039
-0.10147343811438263
-0.10148002870649558
-0.10148653657474702
-0.10149296276094176
-0.10149930829373563
-0.10150557418880804
-0.10151176144902196
-0.1015178710645819
-0.10152390401320135
-0.10152986126025325
-0.10153574375893082
-0.10154155245039861
-0.10154728826394584
-0.10155295211713573
-0.10155854491595433
-0.10156406755495595
-0.10156952091740601
-0.10157490587542498
-0.10158022329012882
-0.10158547401177051
-0.10159065887987537
-0.10159577872337586
-0.10160083436074398
-0.10160582660012728
-0.1016107562394745
-0.10161562406667184
-0.10162043085966209
-0.10162517738657571
-0.10162986440585013
-0.10163449266635563
-0.10163906290751427
-0.10164357585942205
-0.10164803224296448
-0.10165243276993442
-0.10165677814314311
-0.10166106905653995
-0.10166530619531605
-0.101669490236022
-0.10167362184667653
-0.10167770168687176
-0.10168173040787862
-0.10168570865275589
-0.10168963705644864
-0.1016935162458973
-0.10169734684013153
-0.1017011294503753
-0.10170486468014643
-0.10170855312534809
-0.10171219537437043
-0.10171579200818089
-0.10171934360042235
-0.1017228507175058
-0.10172631391869542
-0.1017297337562057
-0.10173311077528327
-0.1017364455143051
-0.10173973850485447
-0.10174299027181669
-0.1017462013334552
-0.10174937220149953
-0.10175250338122387
-0.10175559537153603
-0.10175864866504998
-0.10176166374817192
-0.10176464110117235
-0.10176758119826812
-0.10177048450769405
-0.10177335149178765
-0.10177618260705085
-0.10177897830423345
-0.10178173902840199
-0.1017844652190127
-0.10178715730998049
-0.10178981572975128
-0.101792440901368
-0.10179503324254119
-0.10179759316571475
-0.1018001210781344
-0.10180261738191106
-0.10180508247408789
-0.10180751674670152
-0.10180992058684586
-0.1018122943767369
-0.10181463849377088
-0.10181695331058947
-0.1018192391951359
-0.10182149651071257
-0.10182372561604551
-0.10182592686533637
-0.10182810060832537
-0.10183024719034195
-0.10183236695236424
-0.10183446023107079
-0.10183652735889544
-0.10183856866408479
-0.10184058447074655
-0.10184257509890492
-0.10184454086454883
-0.10184648207968558
-0.10184839905238774
-0.10185029208684446
-0.10185216148341437
-0.1018540075386689
-0.10185583054544405
-0.10185763079288138
-0.10185940856647904
-0.10186116414813803
-0.10186289781620582
-0.10186460984552194
-0.10186630050746365
-0.10186797006998681
-0.10186961879767163
-0.10187124695176109
-0.10187285479020937
-0.10187444256771712
-0.10187601053577672
-0.10187755894271225
-0.10187908803371803
-0.10188059805089673
-0.10188208923330289
-0.10188356181697586
-0.10188501603498233
-0.10188645211745334
-0.10188787029161873
-0.10188927078184562
-0.10189065380967455
-0.10189201959385441
-0.10189336835037639
-0.1018947002925134
-0.10189601563084841
-0.10189731457331344
-0.10189859732522055
-0.10189986408929515
-0.10190111506570822
-0.1019023504521093
-0.10190357044365624
-0.10190477523305176
-0.10190596501056987
-0.10190713996408929
-0.10190830027912014
-0.10190944613883676
-0.10191057772410417
-0.10191169521351201
-0.10191279878340126
-0.10191388860789104
-0.10191496485890739
-0.10191602770621133
-0.1019170773174264
-0.10191811385806401
-0.10191913749155343
-0.10192014837926597
-0.10192114668054077
-0.10192213255271079
-0.10192310615112729
-0.10192406762918664
-0.10192501713835221
-0.10192595482818452
-0.10192688084636106
-0.10192779533869677
-0.10192869844917449
-0.1019295903199628
-0.10193047109144177
-0.10193134090222505
-0.10193219988918255
-0.10193304818746383
-0.10193388593051421
-0.10193471325010132
-0.10193553027633188
-0.10193633713768
-0.1019371339610042
-0.10193792087156613
-0.1019386979930513
-0.10193946544759012
-0.10194022335577425
-0.10194097183668006
-0.10194171100788987
-0.10194244098550488
-0.10194316188416722
-0.10194387381707753
-0.10194457689601231
-0.10194527123134346
-0.10194595693205623
-0.10194663410576504
-0.1019473028587344
-0.10194796329589136
-0.10194861552084462
-0.10194925963590112
-0.10194989574208045
-0.10195052393913652
-0.10195114432556972
-0.1019517569986428
-0.10195236205439809
-0.10195295958766719
-0.10195354969209541
-0.10195413246014931
-0.10195470798313884
-0.10195527635122519
-0.10195583765343745
-0.10195639197768724
-0.10195693941078368
-0.10195748003844357
-0.10195801394531437
-0.10195854121497684
-0.10195906192996632
-0.10195957617177985
-0.10196008402089371
-0.10196058555677584
-0.10196108085789546
-0.10196157000174137
-0.10196205306482772
-0.10196253012271285
-0.10196300125000532
-0.10196346652037942
-0.10196392600658749
-0.1019643797804688
-0.10196482791296513
-0.10196527047412686
-0.10196570753312888
-0.1019661391582787
-0.10196656541702943
-0.10196698637599133
-0.10196740210093837
-0.10196781265682166
-0.10196821810778052
-0.10196861851715054
-0.10196901394747711
-0.1019694044605216
-0.10196979011727293
-0.10197017097795896
-0.10197054710205249
-0.10197091854828437
-0.10197128537465033
-0.10197164763842251
-0.10197200539615651
-0.10197235870370104
-0.10197270761620861
-0.1019730521881403
-0.1019733924732808
-0.10197372852473995
-0.101974060394967
-0.10197438813575421
-0.10197471179824948
-0.10197503143296155
-0.10197534708976767
-0.10197565881792718
-0.10197596666608087
-0.10197627068226664
-0.10197657091391907
-0.1019768674078837
-0.10197716021042212
-0.10197744936722127
-0.1019777349233964
-0.10197801692350206
-0.1019782954115375
-0.10197857043095256
-0.10197884202465907
-0.10197911023503337
-0.10197937510392385
-0.10197963667265819
-0.10197989498205001
-0.1019801500724068
-0.10198040198353249
-0.10198065075473722
-0.10198089642484257
-0.10198113903218702
-0.10198137861463322
-0.10198161520957168
-0.10198184885392943
-0.10198207958417674
-0.10198230743632858
-0.10198253244595441
-0.1019827546481799
-0.10198297407769776
-0.10198319076876579
-0.10198340475522058
-0.10198361607047886
-0.10198382474754207
-0.10198403081900054
-0.10198423431704405
-0.10198443527345973
-0.1019846337196441
-0.10198482968660226
-0.10198502320495625
-0.10198521430495112
-0.1019854030164521
-0.10198558936895923
-0.10198577339160501
-0.10198595511316144
-0.10198613456204672
-0.1019863117663256
-0.1019864867537163
-0.1019866595515934
-0.1019868301869922
-0.10198699868661631
-0.1019871650768382
-0.10198732938370574
-0.10198749163294235
-0.10198765184995595
-0.10198781005983773
-0.10198796628737196
-0.1019881205570352
-0.1019882728930038
-0.1019884233191549
-0.10198857185906997
-0.1019887185360397
-0.10198886337306841
-0.10198900639287775
-0.10198914761790513
-0.10198928707031638
-0.10198942477199954
-0.10198956074457717
-0.10198969500940225
-0.10198982758756757
-0.10198995849990407
-0.10199008776698468
-0.10199021540913214
-0.10199034144641637
-0.10199046589866323
-0.10199058878545268
-0.10199071012612458
-0.10199082993978013
-0.10199094824528528
-0.1019910650612746
-0.1019911804061532
-0.10199129429809976
-0.10199140675507147
-0.10199151779480338
-0.10199162743481069
-0.10199173569239647
-0.10199184258464927
-0.10199194812844935
-0.10199205234046715
-0.10199215523717162
-0.1019922568348268
-0.10199235714949963
-0.10199245619705703
-0.10199255399317225
-0.10199265055332848
-0.10199274589281658
-0.10199284002674198
-0.10199293297001856
-0.10199302473738488
-0.1019931153433956
-0.10199320480242541
-0.10199329312867687
-0.10199338033617592
-0.10199346643877656
-0.1019935514501627
-0.10199363538385114
-0.10199371825319352
-0.10199380007137661
-0.10199388085142691
-0.1019939606062129
-0.10199403934844227
-0.10199411709066768
-0.10199419384528864
-0.10199426962455266
-0.10199434444055906
-0.10199441830525802
-0.10199449123045275
-0.10199456322780251
-0.10199463430882029
-0.1019947044848846
-0.10199477376723237
-0.10199484216696271
-0.10199490969503837
-0.10199497636228663
-0.10199504217940487
-0.10199510715695805
-0.1019951713053828
-0.10199523463498973
-0.10199529715596023
-0.10199535887835239
-0.10199541981210195
-0.10199547996702038
-0.10199553935280263
-0.10199559797902552
-0.10199565585514546
-0.10199571299050586
-0.10199576939433429
-0.10199582507574512
-0.10199588004374278
-0.10199593430722177
-0.10199598787496736
-0.10199604075565735
-0.1019960929578623
-0.10199614449004875
-0.10199619536058051
-0.10199624557771891
-0.10199629514962423
-0.10199634408435569
-0.10199639238987572
-0.10199644007404933
-0.10199648714464407
-0.10199653360933209
-0.10199657947569427
-0.1019966247512162
-0.10199666944329472
-0.10199671355923313
-0.10199675710624663
-0.10199680009146171
-0.10199684252191922
-0.10199688440457357
-0.10199692574629333
-0.10199696655386228
-0.10199700683398284
-0.10199704659327338
-0.1019970858382733
-0.1019971245754416
-0.10199716281115828
-0.10199720055172395
-0.1019972378033639
-0.10199727457222595
-0.1019973108643822
-0.10199734668583131
-0.10199738204249917
-0.10199741694023778
-0.10199745138482735
-0.10199748538197805
-0.10199751893732917
-0.10199755205645288
-0.10199758474485118
-0.10199761700796009
-0.10199764885114694
-0.10199768027971459
-0.10199771129889913
-0.10199774191387505
-0.10199777212975396
-0.10199780195158216
-0.10199783138434464
-0.10199786043296583
-0.10199788910230835
-0.10199791739717518
-0.10199794532231209
-0.10199797288240604
-0.10199800008208641
-0.10199802692592572
-0.10199805341843836
-0.10199807956408473
-0.10199810536726978
-0.10199813083234743
-0.10199815596361213
-0.10199818076531202
-0.10199820524163812
-0.10199822939673278
-0.10199825323468378
-0.10199827675953188
-0.10199829997526613
-0.10199832288582798
-0.10199834549511166
-0.1019983678069588
-0.10199838982516679
-0.10199841155348424
-0.10199843299561571
-0.10199845415521833
-0.10199847503590682
-0.10199849564124969
-0.1019985159747694
-0.10199853603994574
-0.10199855584021539
-0.10199857537897357
-0.10199859465957564
-0.1019986136853324
-0.10199863245951465
-0.10199865098535127
-0.10199866926603238
-0.10199868730470646
-0.10199870510448661
-0.10199872266844598
-0.10199873999961974
-0.10199875710100298
-0.10199877397555773
-0.1019987906262042
-0.10199880705583032
-0.10199882326728735
-0.10199883926339182
-0.10199885504692476
-0.10199887062062984
-0.10199888598721878
-0.10199890114936952
-0.10199891610972592
-0.10199893087090035
-0.10199894543547418
-0.10199895980599293
-0.10199897398497115
-0.10199898797489247
-0.10199900177820906
-0.10199901539734374
-0.1019990288346895
-0.10199904209260717
-0.1019990551734292
-0.1019990680794582
-0.10199908081296931
-0.10199909337620798
-0.10199910577139236
-0.1019991180007117
-0.10199913006632978
-0.10199914197038122
-0.10199915371497546
-0.10199916530219368
-0.10199917673409212
-0.10199918801269958
-0.101999199140022
-0.10199921011803859
-0.10199922094870338
-0.10199923163394731
-0.10199924217567506
-0.10199925257576788
-0.10199926283608415
-0.10199927295845714
-0.1019992829446989
-0.10199929279659804
-0.10199930251591886
-0.10199931210440481
-0.10199932156377975
-0.10199933089574134
-0.10199934010196716
-0.10199934918411484
-0.10199935814381944
-0.10199936698269545
-0.10199937570233895
-0.10199938430432376
-0.1019993927902037
-0.10199940116151328
-0.10199940941976747
-0.10199941756646178
-0.10199942560307297
-0.10199943353105992
-0.1019994413518595
-0.10199944906689536
-0.1019994566775682
-0.10199946418526375
-0.10199947159135023
-0.10199947889717535
-0.1019994861040727
-0.10199949321335672
-0.10199950022632782
-0.10199950714426541
-0.10199951396843585
-0.10199952070009043
-0.10199952734045929
-0.10199953389076165
-0.1019995403521977
-0.10199954672595488
-0.10199955301320322
-0.10199955921510051
-0.10199956533278774
-0.1019995713673903
-0.10199957732001876
-0.10199958319177045
-0.10199958898372981
-0.10199959469696704
-0.10199960033253631
-0.10199960589148029
-0.10199961137482605
-0.1019996167835889
-0.10199962211877109
-0.10199962738136155
-0.1019996325723372
-0.10199963769265985
-0.10199964274327965
-0.10199964772513548
-0.10199965263915466
